0	1.00000207846397	-0.00214914464961493	2.07846496908265E-06	-1.5953226156036E-09
0.001	0.999668843622792	-0.00214785562238645	0.00000207698092802624	-0.00000000159408231658431
0.002	0.999335808639975	-0.00214656751550490	0.00000207549804072884	-0.00000000159284303191173
0.003	0.999002973372828	-0.00214528032825481	0.00000207401630624690	-0.00000000159160476072797
0.004	0.998670337678770	-0.00214399405992123	0.00000207253572363765	-0.00000000159036750217585
0.005	0.998337901415331	-0.00214270870978985	0.00000207105629195914	-0.00000000158913125539897
0.006	0.998005664440153	-0.00214142427714690	0.00000206957801027019	-0.00000000158789601954164
0.007	0.997673626610987	-0.00214014076127923	0.00000206810087763043	-0.00000000158666179374894
0.008	0.997341787785696	-0.00213885816147425	0.00000206662489310030	-0.00000000158542857716665
0.009	0.997010147822252	-0.00213757647701996	0.00000206515005574100	-0.00000000158419636894134
0.01	0.996678706578737	-0.00213629570720493	0.00000206367636461455	-0.00000000158296516822029
0.011	0.996347463913347	-0.00213501585131835	0.00000206220381878375	-0.00000000158173497415151
0.012	0.996016419684383	-0.00213373690864994	0.00000206073241731221	-0.00000000158050578588378
0.013	0.995685573750260	-0.00213245887849003	0.00000205926215926431	-0.00000000157927760256658
0.014	0.995354925969501	-0.00213118176012954	0.00000205779304370524	-0.00000000157805042335015
0.015	0.995024476200741	-0.00212990555285994	0.00000205632506970096	-0.00000000157682424738547
0.016	0.994694224302722	-0.00212863025597330	0.00000205485823631824	-0.00000000157559907382424
0.017	0.994364170134299	-0.00212735586876226	0.00000205339254262463	-0.00000000157437490181890
0.018	0.994034313554433	-0.00212608239052004	0.00000205192798768847	-0.00000000157315173052263
0.019	0.993704654422197	-0.00212480982054045	0.00000205046457057887	-0.00000000157192955908933
0.02	0.993375192596774	-0.00212353815811786	0.00000204900229036577	-0.00000000157070838667365
0.021	0.993045927937454	-0.00212226740254722	0.00000204754114611986	-0.00000000156948821243095
0.022	0.992716860303639	-0.00212099755312406	0.00000204608113691262	-0.00000000156826903551735
0.023	0.992387989554839	-0.00211972860914449	0.00000204462226181632	-0.00000000156705085508968
0.024	0.992059315550671	-0.00211846056990519	0.00000204316451990402	-0.00000000156583367030551
0.025	0.991730838150866	-0.00211719343470340	0.00000204170791024956	-0.00000000156461748032312
0.026	0.991402557215258	-0.00211592720283698	0.00000204025243192756	-0.00000000156340228430155
0.027	0.991074472603796	-0.00211466187360431	0.00000203879808401342	-0.00000000156218808140055
0.028	0.990746584176532	-0.00211339744630437	0.00000203734486558334	-0.00000000156097487078059
0.029	0.990418891793631	-0.00211213392023672	0.00000203589277571426	-0.00000000155976265160289
0.03	0.990091395315365	-0.00211087129470147	0.00000203444181348395	-0.00000000155855142302938
0.031	0.989764094602113	-0.00210960956899933	0.00000203299197797093	-0.00000000155734118422271
0.032	0.989436989514365	-0.00210834874243155	0.00000203154326825450	-0.00000000155613193434628
0.033	0.989110079912718	-0.00210708881429997	0.00000203009568341475	-0.00000000155492367256418
0.034	0.988783365657878	-0.00210582978390701	0.00000202864922253253	-0.00000000155371639804126
0.035	0.988456846610658	-0.00210457165055563	0.00000202720388468950	-0.00000000155251010994306
0.036	0.988130522631980	-0.00210331441354938	0.00000202575966896805	-0.00000000155130480743586
0.037	0.987804393582873	-0.00210205807219239	0.00000202431657445138	-0.00000000155010048968667
0.038	0.987478459324476	-0.00210080262578933	0.00000202287460022345	-0.00000000154889715586321
0.039	0.987152719718032	-0.00209954807364545	0.00000202143374536901	-0.00000000154769480513391
0.04	0.986827174624897	-0.00209829441506658	0.00000201999400897356	-0.00000000154649343666793
0.041	0.986501823906529	-0.00209704164935911	0.00000201855539012339	-0.00000000154529304963517
0.042	0.986176667424498	-0.00209578977582998	0.00000201711788790555	-0.00000000154409364320622
0.043	0.985851705040478	-0.00209453879378672	0.00000201568150140789	-0.00000000154289521655238
0.044	0.985526936616254	-0.00209328870253741	0.00000201424622971898	-0.00000000154169776884571
0.045	0.985202362013715	-0.00209203950139071	0.00000201281207192821	-0.00000000154050129925896
0.046	0.984877981094859	-0.00209079118965582	0.00000201137902712572	-0.00000000153930580696558
0.047	0.984553793721791	-0.00208954376664254	0.00000200994709440240	-0.00000000153811129113976
0.048	0.984229799756721	-0.00208829723166119	0.00000200851627284994	-0.00000000153691775095640
0.049	0.983905999061969	-0.00208705158402270	0.00000200708656156079	-0.00000000153572518559112
0.05	0.983582391499960	-0.00208580682303852	0.00000200565795962815	-0.00000000153453359422023
0.051	0.983258976933226	-0.00208456294802069	0.00000200423046614599	-0.00000000153334297602079
0.052	0.982935755224405	-0.00208331995828180	0.00000200280408020907	-0.00000000153215333017053
0.053	0.982612726236244	-0.00208207785313502	0.00000200137880091288	-0.00000000153096465584792
0.054	0.982289889831594	-0.00208083663189405	0.00000199995462735371	-0.00000000152977695223214
0.055	0.981967245873413	-0.00207959629387317	0.00000199853155862858	-0.00000000152859021850307
0.056	0.981644794224765	-0.00207835683838722	0.00000199710959383529	-0.00000000152740445384131
0.057	0.981322534748822	-0.00207711826475159	0.00000199568873207240	-0.00000000152621965742816
0.058	0.981000467308860	-0.00207588057228224	0.00000199426897243924	-0.00000000152503582844563
0.059	0.980678591768263	-0.00207464376029568	0.00000199285031403588	-0.00000000152385296607644
0.06	0.980356907990519	-0.00207340782810899	0.00000199143275596317	-0.00000000152267106950402
0.061	0.980035415839223	-0.00207217277503979	0.00000199001629732272	-0.00000000152149013791250
0.062	0.979714115178075	-0.00207093860040627	0.00000198860093721687	-0.00000000152031017048673
0.063	0.979393005870883	-0.00206970530352718	0.00000198718667474876	-0.00000000151913116641225
0.064	0.979072087781558	-0.00206847288372180	0.00000198577350902225	-0.00000000151795312487531
0.065	0.978751360774117	-0.00206724134031000	0.00000198436143914199	-0.00000000151677604506287
0.066	0.978430824712683	-0.00206601067261219	0.00000198295046421336	-0.00000000151559992616259
0.067	0.978110479461484	-0.00206478087994933	0.00000198154058334251	-0.00000000151442476736282
0.068	0.977790324884855	-0.00206355196164294	0.00000198013179563634	-0.00000000151325056785263
0.069	0.977470360847234	-0.00206232391701510	0.00000197872410020251	-0.00000000151207732682179
0.07	0.977150587213164	-0.00206109674538842	0.00000197731749614941	-0.00000000151090504346076
0.071	0.976831003847294	-0.00205987044608610	0.00000197591198258623	-0.00000000150973371696072
0.072	0.976511610614380	-0.00205864501843186	0.00000197450755862286	-0.00000000150856334651352
0.073	0.976192407379278	-0.00205742046174998	0.00000197310422336998	-0.00000000150739393131174
0.074	0.975873394006952	-0.00205619677536531	0.00000197170197593901	-0.00000000150622547054864
0.075	0.975554570362471	-0.00205497395860322	0.00000197030081544210	-0.00000000150505796341819
0.076	0.975235936311007	-0.00205375201078966	0.00000196890074099219	-0.00000000150389140911504
0.077	0.974917491717837	-0.00205253093125111	0.00000196750175170293	-0.00000000150272580683456
0.078	0.974599236448343	-0.00205131071931461	0.00000196610384668873	-0.00000000150156115577279
0.079	0.974281170368011	-0.00205009137430774	0.00000196470702506477	-0.00000000150039745512650
0.08	0.973963293342431	-0.00204887289555865	0.00000196331128594696	-0.00000000149923470409311
0.081	0.973645605237297	-0.00204765528239600	0.00000196191662845194	-0.00000000149807290187077
0.082	0.973328105918407	-0.00204643853414904	0.00000196052305169713	-0.00000000149691204765832
0.083	0.973010795251666	-0.00204522265014754	0.00000195913055480066	-0.00000000149575214065528
0.084	0.972693673103077	-0.00204400762972182	0.00000195773913688144	-0.00000000149459318006187
0.085	0.972376739338752	-0.00204279347220276	0.00000195634879705909	-0.00000000149343516507899
0.086	0.972059993824905	-0.00204158017692178	0.00000195495953445400	-0.00000000149227809490826
0.087	0.971743436427853	-0.00204036774321083	0.00000195357134818729	-0.00000000149112196875196
0.088	0.971427067014017	-0.00203915617040243	0.00000195218423738083	-0.00000000148996678581307
0.089	0.971110885449922	-0.00203794545782962	0.00000195079820115721	-0.00000000148881254529527
0.09	0.970794891602196	-0.00203673560482601	0.00000194941323863979	-0.00000000148765924640292
0.091	0.970479085337570	-0.00203552661072573	0.00000194802934895265	-0.00000000148650688834106
0.092	0.970163466522878	-0.00203431847486347	0.00000194664653122062	-0.00000000148535547031544
0.093	0.969848035025060	-0.00203311119657446	0.00000194526478456927	-0.00000000148420499153248
0.094	0.969532790711154	-0.00203190477519445	0.00000194388410812489	-0.00000000148305545119929
0.095	0.969217733448305	-0.00203069921005977	0.00000194250450101452	-0.00000000148190684852366
0.096	0.968902863103760	-0.00202949450050726	0.00000194112596236595	-0.00000000148075918271408
0.097	0.968588179544869	-0.00202829064587432	0.00000193974849130769	-0.00000000147961245297972
0.098	0.968273682639082	-0.00202708764549888	0.00000193837208696899	-0.00000000147846665853041
0.099	0.967959372253955	-0.00202588549871941	0.00000193699674847983	-0.00000000147732179857671
0.1	0.967645248257146	-0.00202468420487492	0.00000193562247497093	-0.00000000147617787232981
0.101	0.967331310516415	-0.00202348376330497	0.00000193424926557374	-0.00000000147503487900163
0.102	0.967017558899623	-0.00202228417334964	0.00000193287711942045	-0.00000000147389281780474
0.103	0.966703993274736	-0.00202108543434957	0.00000193150603564397	-0.00000000147275168795241
0.104	0.966390613509819	-0.00201988754564592	0.00000193013601337797	-0.00000000147161148865857
0.105	0.966077419473043	-0.00201869050658039	0.00000192876705175681	-0.00000000147047221913786
0.106	0.965764411032678	-0.00201749431649522	0.00000192739914991561	-0.00000000146933387860556
0.107	0.965451588057097	-0.00201629897473320	0.00000192603230699021	-0.00000000146819646627766
0.108	0.965138950414775	-0.00201510448063762	0.00000192466652211718	-0.00000000146705998137081
0.109	0.964826497974289	-0.00201391083355235	0.00000192330179443382	-0.00000000146592442310236
0.11	0.964514230604316	-0.00201271803282176	0.00000192193812307816	-0.00000000146478979069031
0.111	0.964202148173639	-0.00201152607779076	0.00000192057550718895	-0.00000000146365608335336
0.112	0.963890250551136	-0.00201033496780482	0.00000191921394590568	-0.00000000146252330031086
0.113	0.963578537605793	-0.00200914470220992	0.00000191785343836855	-0.00000000146139144078286
0.114	0.963267009206694	-0.00200795528035257	0.00000191649398371850	-0.00000000146026050399007
0.115	0.962955665223023	-0.00200676670157982	0.00000191513558109718	-0.00000000145913048915387
0.116	0.962644505524070	-0.00200557896523926	0.00000191377822964698	-0.00000000145800139549633
0.117	0.962333529979221	-0.00200439207067901	0.00000191242192851100	-0.00000000145687322224018
0.118	0.962022738457965	-0.00200320601724771	0.00000191106667683308	-0.00000000145574596860883
0.119	0.961712130829894	-0.00200202080429453	0.00000190971247375776	-0.00000000145461963382635
0.12	0.961401706964699	-0.00200083643116919	0.00000190835931843032	-0.00000000145349421711749
0.121	0.961091466732170	-0.00199965289722192	0.00000190700720999675	-0.00000000145236971770768
0.122	0.960781410002202	-0.00199847020180350	0.00000190565614760376	-0.00000000145124613482299
0.123	0.960471536644787	-0.00199728834426521	0.00000190430613039880	-0.00000000145012346769018
0.124	0.960161846530020	-0.00199610732395889	0.00000190295715753002	-0.00000000144900171553669
0.125	0.959852339528095	-0.00199492714023688	0.00000190160922814628	-0.00000000144788087759060
0.126	0.959543015509306	-0.00199374779245207	0.00000190026234139719	-0.00000000144676095308067
0.127	0.959233874344049	-0.00199256927995787	0.00000189891649643304	-0.00000000144564194123634
0.128	0.958924915902820	-0.00199139160210821	0.00000189757169240487	-0.00000000144452384128769
0.129	0.958616140056214	-0.00199021475825756	0.00000189622792846441	-0.00000000144340665246550
0.13	0.958307546674926	-0.00198903874776090	0.00000189488520376413	-0.00000000144229037400117
0.131	0.957999135629752	-0.00198786356997375	0.00000189354351745719	-0.00000000144117500512681
0.132	0.957690906791589	-0.00198668922425215	0.00000189220286869747	-0.00000000144006054507516
0.133	0.957382860031431	-0.00198551570995266	0.00000189086325663959	-0.00000000143894699307964
0.134	0.957074995220374	-0.00198434302643237	0.00000188952468043885	-0.00000000143783434837433
0.135	0.956767312229611	-0.00198317117304889	0.00000188818713925128	-0.00000000143672261019397
0.136	0.956459810930439	-0.00198200014916036	0.00000188685063223361	-0.00000000143561177777396
0.137	0.956152491194251	-0.00198082995412543	0.00000188551515854329	-0.00000000143450185035037
0.138	0.955845352892540	-0.00197966058730329	0.00000188418071733849	-0.00000000143339282715993
0.139	0.955538395896899	-0.00197849204805363	0.00000188284730777806	-0.00000000143228470744000
0.14	0.955231620079021	-0.00197732433573669	0.00000188151492902160	-0.00000000143117749042865
0.141	0.954925025310695	-0.00197615744971321	0.00000188018358022938	-0.00000000143007117536456
0.142	0.954618611463814	-0.00197499138934445	0.00000187885326056241	-0.00000000142896576148711
0.143	0.954312378410365	-0.00197382615399220	0.00000187752396918238	-0.00000000142786124803629
0.144	0.954006326022438	-0.00197266174301878	0.00000187619570525171	-0.00000000142675763425280
0.145	0.953700454172219	-0.00197149815578699	0.00000187486846793350	-0.00000000142565491937796
0.146	0.953394762731995	-0.00197033539166020	0.00000187354225639159	-0.00000000142455310265376
0.147	0.953089251574151	-0.00196917345000226	0.00000187221706979050	-0.00000000142345218332284
0.148	0.952783920571168	-0.00196801233017755	0.00000187089290729546	-0.00000000142235216062848
0.149	0.952478769595630	-0.00196685203155097	0.00000186956976807241	-0.00000000142125303381465
0.15	0.952173798520217	-0.00196569255348795	0.00000186824765128798	-0.00000000142015480212595
0.151	0.951869007217707	-0.00196453389535441	0.00000186692655610952	-0.00000000141905746480763
0.152	0.951564395560977	-0.00196337605651680	0.00000186560648170507	-0.00000000141796102110560
0.153	0.951259963423002	-0.00196221903634209	0.00000186428742724338	-0.00000000141686547026642
0.154	0.950955710676857	-0.00196106283419777	0.00000186296939189388	-0.00000000141577081153731
0.155	0.950651637195712	-0.00195990744945181	0.00000186165237482673	-0.00000000141467704416611
0.156	0.950347742852837	-0.00195875288147275	0.00000186033637521278	-0.00000000141358416740135
0.157	0.950044027521599	-0.00195759912962959	0.00000185902139222356	-0.00000000141249218049219
0.158	0.949740491075463	-0.00195644619329189	0.00000185770742503132	-0.00000000141140108268844
0.159	0.949437133387992	-0.00195529407182969	0.00000185639447280900	-0.00000000141031087324055
0.16	0.949133954332846	-0.00195414276461356	0.00000185508253473024	-0.00000000140922155139963
0.161	0.948830953783785	-0.00195299227101457	0.00000185377160996938	-0.00000000140813311641743
0.162	0.948528131614663	-0.00195184259040432	0.00000185246169770144	-0.00000000140704556754635
0.163	0.948225487699434	-0.00195069372215490	0.00000185115279710215	-0.00000000140595890403944
0.164	0.947923021912147	-0.00194954566563893	0.00000184984490734793	-0.00000000140487312515040
0.165	0.947620734126951	-0.00194839842022954	0.00000184853802761590	-0.00000000140378823013354
0.166	0.947318624218091	-0.00194725198530034	0.00000184723215708387	-0.00000000140270421824386
0.167	0.947016692059908	-0.00194610636022550	0.00000184592729493033	-0.00000000140162108873699
0.168	0.946714937526842	-0.00194496154437965	0.00000184462344033449	-0.00000000140053884086917
0.169	0.946413360493429	-0.00194381753713797	0.00000184332059247622	-0.00000000139945747389733
0.17	0.946111960834300	-0.00194267433787612	0.00000184201875053611	-0.00000000139837698707902
0.171	0.945810738424187	-0.00194153194597028	0.00000184071791369543	-0.00000000139729737967243
0.172	0.945509693137915	-0.00194039036079714	0.00000183941808113612	-0.00000000139621865093639
0.173	0.945208824850408	-0.00193924958173388	0.00000183811925204085	-0.00000000139514080013038
0.174	0.944908133436684	-0.00193810960815822	0.00000183682142559294	-0.00000000139406382651451
0.175	0.944607618771861	-0.00193697043944835	0.00000183552460097642	-0.00000000139298772934953
0.176	0.944307280731150	-0.00193583207498300	0.00000183422877737600	-0.00000000139191250789684
0.177	0.944007119189860	-0.00193469451414137	0.00000183293395397708	-0.00000000139083816141847
0.178	0.943707134023397	-0.00193355775630319	0.00000183164012996576	-0.00000000138976468917708
0.179	0.943407325107260	-0.00193242180084869	0.00000183034730452879	-0.00000000138869209043598
0.18	0.943107692317049	-0.00193128664715861	0.00000182905547685363	-0.00000000138762036445911
0.181	0.942808235528455	-0.00193015229461417	0.00000182776464612844	-0.00000000138654951051104
0.182	0.942508954617269	-0.00192901874259713	0.00000182647481154202	-0.00000000138547952785699
0.183	0.942209849459375	-0.00192788599048971	0.00000182518597228390	-0.00000000138441041576280
0.184	0.941910919930754	-0.00192675403767468	0.00000182389812754426	-0.00000000138334217349496
0.185	0.941612165907483	-0.00192562288353526	0.00000182261127651399	-0.00000000138227480032057
0.186	0.941313587265733	-0.00192449252745523	0.00000182132541838462	-0.00000000138120829550739
0.187	0.941015183881772	-0.00192336296881882	0.00000182004055234841	-0.00000000138014265832380
0.188	0.940716955631965	-0.00192223420701078	0.00000181875667759827	-0.00000000137907788803880
0.189	0.940418902392768	-0.00192110624141638	0.00000181747379332780	-0.00000000137801398392204
0.19	0.940121024040737	-0.00191997907142136	0.00000181619189873127	-0.00000000137695094524379
0.191	0.939823320452519	-0.00191885269641197	0.00000181491099300364	-0.00000000137588877127496
0.192	0.939525791504860	-0.00191772711577497	0.00000181363107534055	-0.00000000137482746128709
0.193	0.939228437074599	-0.00191660232889761	0.00000181235214493830	-0.00000000137376701455233
0.194	0.938931257038670	-0.00191547833516763	0.00000181107420099389	-0.00000000137270743034347
0.195	0.938634251274101	-0.00191435513397328	0.00000180979724270498	-0.00000000137164870793394
0.196	0.938337419658019	-0.00191323272470331	0.00000180852126926991	-0.00000000137059084659778
0.197	0.938040762067640	-0.00191211110674695	0.00000180724627988770	-0.00000000136953384560967
0.198	0.937744278380280	-0.00191099027949395	0.00000180597227375804	-0.00000000136847770424490
0.199	0.937447968473345	-0.00190987024233454	0.00000180469925008130	-0.00000000136742242177941
0.2	0.937151832224339	-0.00190875099465945	0.00000180342720805851	-0.00000000136636799748974
0.201	0.936855869510858	-0.00190763253585990	0.00000180215614689139	-0.00000000136531443065307
0.202	0.936560080210595	-0.00190651486532762	0.00000180088606578231	-0.00000000136426172054720
0.203	0.936264464201335	-0.00190539798245481	0.00000179961696393434	-0.00000000136320986645056
0.204	0.935969021360958	-0.00190428188663420	0.00000179834884055121	-0.00000000136215886764219
0.205	0.935673751567439	-0.00190316657725898	0.00000179708169483730	-0.00000000136110872340176
0.206	0.935378654698845	-0.00190205205372286	0.00000179581552599770	-0.00000000136005943300957
0.207	0.935083730633340	-0.00190093831542001	0.00000179455033323813	-0.00000000135901099574652
0.208	0.934788979249179	-0.00189982536174512	0.00000179328611576500	-0.00000000135796341089415
0.209	0.934494400424712	-0.00189871319209338	0.00000179202287278539	-0.00000000135691667773462
0.21	0.934199994038384	-0.00189760180586043	0.00000179076060350703	-0.00000000135587079555069
0.211	0.933905759968732	-0.00189649120244245	0.00000178949930713835	-0.00000000135482576362577
0.212	0.933611698094386	-0.00189538138123607	0.00000178823898288841	-0.00000000135378158124386
0.213	0.933317808294072	-0.00189427234163844	0.00000178697962996696	-0.00000000135273824768960
0.214	0.933024090446608	-0.00189316408304719	0.00000178572124758440	-0.00000000135169576224822
0.215	0.932730544430906	-0.00189205660486044	0.00000178446383495181	-0.00000000135065412420561
0.216	0.932437170125969	-0.00189094990647678	0.00000178320739128092	-0.00000000134961333284823
0.217	0.932143967410898	-0.00188984398729533	0.00000178195191578413	-0.00000000134857338746319
0.218	0.931850936164882	-0.00188873884671566	0.00000178069740767451	-0.00000000134753428733820
0.219	0.931558076267206	-0.00188763448413785	0.00000177944386616578	-0.00000000134649603176159
0.22	0.931265387597248	-0.00188653089896246	0.00000177819129047234	-0.00000000134545862002230
0.221	0.930972870034477	-0.00188542809059053	0.00000177693967980922	-0.00000000134442205140988
0.222	0.930680523458457	-0.00188432605842361	0.00000177568903339215	-0.00000000134338632521450
0.223	0.930388347748844	-0.00188322480186370	0.00000177443935043749	-0.00000000134235144072696
0.224	0.930096342785387	-0.00188212432031333	0.00000177319063016227	-0.00000000134131739723863
0.225	0.929804508447927	-0.00188102461317548	0.00000177194287178418	-0.00000000134028419404153
0.226	0.929512844616398	-0.00187992567985363	0.00000177069607452157	-0.00000000133925183042827
0.227	0.929221351170825	-0.00187882751975173	0.00000176945023759345	-0.00000000133822030569209
0.228	0.928930027991329	-0.00187773013227425	0.00000176820536021948	-0.00000000133718961912682
0.229	0.928638874958120	-0.00187663351682611	0.00000176696144161998	-0.00000000133615977002690
0.23	0.928347891951501	-0.00187553767281272	0.00000176571848101592	-0.00000000133513075768740
0.231	0.928057078851868	-0.00187444259963998	0.00000176447647762895	-0.00000000133410258140397
0.232	0.927766435539708	-0.00187334829671427	0.00000176323543068134	-0.00000000133307524047290
0.233	0.927475961895602	-0.00187225476344246	0.00000176199533939604	-0.00000000133204873419105
0.234	0.927185657800220	-0.00187116199923188	0.00000176075620299664	-0.00000000133102306185593
0.235	0.926895523134327	-0.00187007000349036	0.00000175951802070740	-0.00000000132999822276561
0.236	0.926605557778777	-0.00186897877562622	0.00000175828079175322	-0.00000000132897421621881
0.237	0.926315761614518	-0.00186788831504823	0.00000175704451535966	-0.00000000132795104151482
0.238	0.926026134522589	-0.00186679862116567	0.00000175580919075291	-0.00000000132692869795355
0.239	0.925736676384119	-0.00186570969338828	0.00000175457481715984	-0.00000000132590718483552
0.24	0.925447387080331	-0.00186462153112628	0.00000175334139380796	-0.00000000132488650146184
0.241	0.925158266492538	-0.00186353413379040	0.00000175210891992542	-0.00000000132386664713424
0.242	0.924869314502145	-0.00186244750079180	0.00000175087739474104	-0.00000000132284762115503
0.243	0.924580530990647	-0.00186136163154216	0.00000174964681748427	-0.00000000132182942282714
0.244	0.924291915839631	-0.00186027652545361	0.00000174841718738522	-0.00000000132081205145410
0.245	0.924003468930776	-0.00185919218193877	0.00000174718850367464	-0.00000000131979550634003
0.246	0.923715190145852	-0.00185810860041074	0.00000174596076558393	-0.00000000131877978678967
0.247	0.923427079366717	-0.00185702578028309	0.00000174473397234514	-0.00000000131776489210833
0.248	0.923139136475325	-0.00185594372096986	0.00000174350812319097	-0.00000000131675082160195
0.249	0.922851361353716	-0.00185486242188559	0.00000174228321735474	-0.00000000131573757457705
0.25	0.922563753884024	-0.00185378188244527	0.00000174105925407046	-0.00000000131472515034075
0.251	0.922276313948473	-0.00185270210206437	0.00000173983623257275	-0.00000000131371354820079
0.252	0.921989041429375	-0.00185162308015885	0.00000173861415209687	-0.00000000131270276746547
0.253	0.921701936209137	-0.00185054481614512	0.00000173739301187876	-0.00000000131169280744371
0.254	0.921414998170254	-0.00184946730944009	0.00000173617281115495	-0.00000000131068366744504
0.255	0.921128227195310	-0.00184839055946113	0.00000173495354916267	-0.00000000130967534677954
0.256	0.920841623166982	-0.00184731456562607	0.00000173373522513975	-0.00000000130866784475794
0.257	0.920555185968037	-0.00184623932735324	0.00000173251783832467	-0.00000000130766116069152
0.258	0.920268915481329	-0.00184516484406143	0.00000173130138795657	-0.00000000130665529389218
0.259	0.919982811589807	-0.00184409111516989	0.00000173008587327520	-0.00000000130565024367240
0.26	0.919696874176507	-0.00184301814009836	0.00000172887129352098	-0.00000000130464600934527
0.261	0.919411103124554	-0.00184194591826703	0.00000172765764793494	-0.00000000130364259022445
0.262	0.919125498317166	-0.00184087444909659	0.00000172644493575877	-0.00000000130263998562421
0.263	0.918840059637649	-0.00183980373200818	0.00000172523315623478	-0.00000000130163819485941
0.264	0.918554786969398	-0.00183873376642340	0.00000172402230860594	-0.00000000130063721724549
0.265	0.918269680195899	-0.00183766455176436	0.00000172281239211584	-0.00000000129963705209848
0.266	0.917984739200728	-0.00183659608745358	0.00000172160340600871	-0.00000000129863769873502
0.267	0.917699963867550	-0.00183552837291411	0.00000172039534952942	-0.00000000129763915647232
0.268	0.917415354080117	-0.00183446140756942	0.00000171918822192346	-0.00000000129664142462819
0.269	0.917130909722275	-0.00183339519084347	0.00000171798202243698	-0.00000000129564450252102
0.27	0.916846630677955	-0.00183232972216070	0.00000171677675031674	-0.00000000129464838946979
0.271	0.916562516831180	-0.00183126500094598	0.00000171557240481014	-0.00000000129365308479408
0.272	0.916278568066062	-0.00183020102662468	0.00000171436898516523	-0.00000000129265858781403
0.273	0.915994784266800	-0.00182913779862263	0.00000171316649063067	-0.00000000129166489785039
0.274	0.915711165317684	-0.00182807531636611	0.00000171196492045576	-0.00000000129067201422448
0.275	0.915427711103093	-0.00182701357928188	0.00000171076427389044	-0.00000000128967993625824
0.276	0.915144421507494	-0.00182595258679716	0.00000170956455018526	-0.00000000128868866327414
0.277	0.914861296415441	-0.00182489233833964	0.00000170836574859142	-0.00000000128769819459527
0.278	0.914578335711582	-0.00182383283333747	0.00000170716786836075	-0.00000000128670852954531
0.279	0.914295539280648	-0.00182277407121926	0.00000170597090874569	-0.00000000128571966744850
0.28	0.914012907007463	-0.00182171605141410	0.00000170477486899932	-0.00000000128473160762967
0.281	0.913730438776935	-0.00182065877335151	0.00000170357974837535	-0.00000000128374434941424
0.282	0.913448134474065	-0.00181960223646152	0.00000170238554612812	-0.00000000128275789212820
0.283	0.913165993983939	-0.00181854644017458	0.00000170119226151259	-0.00000000128177223509814
0.284	0.912884017191734	-0.00181749138392162	0.00000169999989378435	-0.00000000128078737765121
0.285	0.912602203982714	-0.00181643706713403	0.00000169880844219961	-0.00000000127980331911515
0.286	0.912320554242229	-0.00181538348924367	0.00000169761790601522	-0.00000000127882005881828
0.287	0.912039067855720	-0.00181433064968284	0.00000169642828448864	-0.00000000127783759608950
0.288	0.911757744708716	-0.00181327854788432	0.00000169523957687796	-0.00000000127685593025828
0.289	0.911476584686833	-0.00181222718328135	0.00000169405178244190	-0.00000000127587506065469
0.29	0.911195587675773	-0.00181117655530760	0.00000169286490043978	-0.00000000127489498660935
0.291	0.910914753561330	-0.00181012666339725	0.00000169167893013157	-0.00000000127391570745346
0.292	0.910634082229382	-0.00180907750698489	0.00000169049387077784	-0.00000000127293722251883
0.293	0.910353573565898	-0.00180802908550560	0.00000168930972163982	-0.00000000127195953113781
0.294	0.910073227456930	-0.00180698139839491	0.00000168812648197930	-0.00000000127098263264334
0.295	0.909793043788622	-0.00180593444508879	0.00000168694415105875	-0.00000000127000652636893
0.296	0.909513022447203	-0.00180488822502370	0.00000168576272814122	-0.00000000126903121164867
0.297	0.909233163318991	-0.00180384273763653	0.00000168458221249039	-0.00000000126805668781723
0.298	0.908953466290389	-0.00180279798236463	0.00000168340260337058	-0.00000000126708295420984
0.299	0.908673931247889	-0.00180175395864583	0.00000168222390004670	-0.00000000126611001016230
0.3	0.908394558078070	-0.00180071066591839	0.00000168104610178429	-0.00000000126513785501100
0.301	0.908115346667598	-0.00179966810362104	0.00000167986920784951	-0.00000000126416648809290
0.302	0.907836296903225	-0.00179862627119294	0.00000167869321750912	-0.00000000126319590874552
0.303	0.907557408671792	-0.00179758516807374	0.00000167751813003052	-0.00000000126222611630695
0.304	0.907278681860225	-0.00179654479370353	0.00000167634394468171	-0.00000000126125711011586
0.305	0.907000116355537	-0.00179550514752284	0.00000167517066073132	-0.00000000126028888951150
0.306	0.906721712044829	-0.00179446622897268	0.00000167399827744857	-0.00000000125932145383366
0.307	0.906443468815287	-0.00179342803749449	0.00000167282679410332	-0.00000000125835480242272
0.308	0.906165386554185	-0.00179239057253016	0.00000167165620996603	-0.00000000125738893461964
0.309	0.905887465148883	-0.00179135383352207	0.00000167048652430777	-0.00000000125642384976591
0.31	0.905609704486828	-0.00179031781991301	0.00000166931773640023	-0.00000000125545954720362
0.311	0.905332104455552	-0.00178928253114623	0.00000166814984551572	-0.00000000125449602627542
0.312	0.905054664942675	-0.00178824796666546	0.00000166698285092713	-0.00000000125353328632452
0.313	0.904777385835901	-0.00178721412591485	0.00000166581675190800	-0.00000000125257132669471
0.314	0.904500267023023	-0.00178618100833900	0.00000166465154773246	-0.00000000125161014673032
0.315	0.904223308391918	-0.00178514861338299	0.00000166348723767525	-0.00000000125064974577628
0.316	0.903946509830549	-0.00178411694049231	0.00000166232382101172	-0.00000000124969012317804
0.317	0.903669871226968	-0.00178308598911293	0.00000166116129701783	-0.00000000124873127828167
0.318	0.903393392469308	-0.00178205575869127	0.00000165999966497015	-0.00000000124777321043375
0.319	0.903117073445792	-0.00178102624867416	0.00000165883892414587	-0.00000000124681591898145
0.32	0.902840914044726	-0.00177999745850893	0.00000165767907382276	-0.00000000124585940327251
0.321	0.902564914154505	-0.00177896938764332	0.00000165652011327921	-0.00000000124490366265521
0.322	0.902289073663605	-0.00177794203552554	0.00000165536204179422	-0.00000000124394869647841
0.323	0.902013392460591	-0.00177691540160423	0.00000165420485864739	-0.00000000124299450409153
0.324	0.901737870434113	-0.00177588948532849	0.00000165304856311894	-0.00000000124204108484453
0.325	0.901462507472905	-0.00177486428614786	0.00000165189315448967	-0.00000000124108843808795
0.326	0.901187303465789	-0.00177383980351233	0.00000165073863204101	-0.00000000124013656317289
0.327	0.900912258301668	-0.00177281603687232	0.00000164958499505496	-0.00000000123918545945101
0.328	0.900637371869535	-0.00177179298567872	0.00000164843224281417	-0.00000000123823512627450
0.329	0.900362644058464	-0.00177077064938286	0.00000164728037460184	-0.00000000123728556299615
0.33	0.900088074757618	-0.00176974902743649	0.00000164612938970181	-0.00000000123633676896929
0.331	0.899813663856241	-0.00176872811929183	0.00000164497928739852	-0.00000000123538874354779
0.332	0.899539411243665	-0.00176770792440153	0.00000164383006697698	-0.00000000123444148608610
0.333	0.899265316809306	-0.00176668844221870	0.00000164268172772284	-0.00000000123349499593923
0.334	0.898991380442664	-0.00176566967219687	0.00000164153426892231	-0.00000000123254927246272
0.335	0.898717602033323	-0.00176465161379003	0.00000164038768986225	-0.00000000123160431501268
0.336	0.898443981470955	-0.00176363426645260	0.00000163924198983006	-0.00000000123066012294579
0.337	0.898170518645314	-0.00176261762963947	0.00000163809716811379	-0.00000000122971669561926
0.338	0.897897213446238	-0.00176160170280592	0.00000163695322400205	-0.00000000122877403239085
0.339	0.897624065763651	-0.00176058648540772	0.00000163581015678407	-0.00000000122783213261891
0.34	0.897351075487561	-0.00175957197690106	0.00000163466796574968	-0.00000000122689099566230
0.341	0.897078242508060	-0.00175855817674257	0.00000163352665018928	-0.00000000122595062088046
0.342	0.896805566715324	-0.00175754508438932	0.00000163238620939389	-0.00000000122501100763337
0.343	0.896533047999615	-0.00175653269929882	0.00000163124664265512	-0.00000000122407215528157
0.344	0.896260686251276	-0.00175552102092903	0.00000163010794926518	-0.00000000122313406318614
0.345	0.895988481360736	-0.00175451004873834	0.00000162897012851684	-0.00000000122219673070873
0.346	0.895716433218508	-0.00175349978218557	0.00000162783317970352	-0.00000000122126015721150
0.347	0.895444541715189	-0.00175249022072999	0.00000162669710211919	-0.00000000122032434205720
0.348	0.895172806741459	-0.00175148136383131	0.00000162556189505843	-0.00000000121938928460912
0.349	0.894901228188082	-0.00175047321094967	0.00000162442755781641	-0.00000000121845498423109
0.35	0.894629805945905	-0.00174946576154565	0.00000162329408968889	-0.00000000121752144028749
0.351	0.894358539905862	-0.00174845901508026	0.00000162216148997222	-0.00000000121658865214324
0.352	0.894087429958966	-0.00174745297101496	0.00000162102975796335	-0.00000000121565661916382
0.353	0.893816475996316	-0.00174644762881164	0.00000161989889295980	-0.00000000121472534071526
0.354	0.893545677909094	-0.00174544298793262	0.00000161876889425970	-0.00000000121379481616412
0.355	0.893275035588566	-0.00174443904784065	0.00000161763976116177	-0.00000000121286504487752
0.356	0.893004548926080	-0.00174343580799895	0.00000161651149296530	-0.00000000121193602622311
0.357	0.892734217813068	-0.00174243326787112	0.00000161538408897019	-0.00000000121100775956910
0.358	0.892464042141045	-0.00174143142692124	0.00000161425754847690	-0.00000000121008024428424
0.359	0.892194021801609	-0.00174043028461381	0.00000161313187078651	-0.00000000120915347973782
0.36	0.891924156686441	-0.00173942984041374	0.00000161200705520067	-0.00000000120822746529967
0.361	0.891654446687306	-0.00173843009378642	0.00000161088310102160	-0.00000000120730220034017
0.362	0.891384891696050	-0.00173743104419763	0.00000160976000755214	-0.00000000120637768423024
0.363	0.891115491604604	-0.00173643269111359	0.00000160863777409570	-0.00000000120545391634135
0.364	0.890846246304979	-0.00173543503400098	0.00000160751639995625	-0.00000000120453089604548
0.365	0.890577155689271	-0.00173443807232689	0.00000160639588443839	-0.00000000120360862271520
0.366	0.890308219649658	-0.00173344180555883	0.00000160527622684727	-0.00000000120268709572358
0.367	0.890039438078400	-0.00173244623316476	0.00000160415742648863	-0.00000000120176631444425
0.368	0.889770810867840	-0.00173145135461307	0.00000160303948266880	-0.00000000120084627825136
0.369	0.889502337910405	-0.00173045716937257	0.00000160192239469469	-0.00000000119992698651963
0.37	0.889234019098600	-0.00172946367691251	0.00000160080616187379	-0.00000000119900843862429
0.371	0.888965854325017	-0.00172847087670256	0.00000159969078351417	-0.00000000119809063394112
0.372	0.888697843482326	-0.00172747876821282	0.00000159857625892448	-0.00000000119717357184645
0.373	0.888429986463284	-0.00172648735091382	0.00000159746258741395	-0.00000000119625725171711
0.374	0.888162283160726	-0.00172549662427654	0.00000159634976829239	-0.00000000119534167293050
0.375	0.887894733467571	-0.00172450658777234	0.00000159523780087021	-0.00000000119442683486456
0.376	0.887627337276819	-0.00172351724087306	0.00000159412668445835	-0.00000000119351273689773
0.377	0.887360094481552	-0.00172252858305093	0.00000159301641836838	-0.00000000119259937840902
0.378	0.887093004974935	-0.00172154061377862	0.00000159190700191241	-0.00000000119168675877795
0.379	0.886826068650214	-0.00172055333252924	0.00000159079843440315	-0.00000000119077487738460
0.38	0.886559285400715	-0.00171956673877630	0.00000158969071515388	-0.00000000118986373360957
0.381	0.886292655119848	-0.00171858083199376	0.00000158858384347846	-0.00000000118895332683398
0.382	0.886026177701105	-0.00171759561165598	0.00000158747781869130	-0.00000000118804365643950
0.383	0.885759853038057	-0.00171661107723777	0.00000158637264010743	-0.00000000118713472180833
0.384	0.885493681024358	-0.00171562722821435	0.00000158526830704242	-0.00000000118622652232320
0.385	0.885227661553742	-0.00171464406406137	0.00000158416481881242	-0.00000000118531905736738
0.386	0.884961794520027	-0.00171366158425491	0.00000158306217473417	-0.00000000118441232632465
0.387	0.884696079817110	-0.00171267978827145	0.00000158196037412496	-0.00000000118350632857933
0.388	0.884430517338970	-0.00171169867558793	0.00000158085941630267	-0.00000000118260106351629
0.389	0.884165106979666	-0.00171071824568168	0.00000157975930058575	-0.00000000118169653052090
0.39	0.883899848633338	-0.00170973849803047	0.00000157866002629321	-0.00000000118079272897907
0.391	0.883634742194211	-0.00170875943211249	0.00000157756159274465	-0.00000000117988965827724
0.392	0.883369787556585	-0.00170778104740635	0.00000157646399926022	-0.00000000117898731780239
0.393	0.883104984614845	-0.00170680334339107	0.00000157536724516065	-0.00000000117808570694201
0.394	0.882840333263454	-0.00170582631954612	0.00000157427132976726	-0.00000000117718482508412
0.395	0.882575833396958	-0.00170484997535136	0.00000157317625240189	-0.00000000117628467161727
0.396	0.882311484909982	-0.00170387431028710	0.00000157208201238701	-0.00000000117538524593054
0.397	0.882047287697233	-0.00170289932383404	0.00000157098860904560	-0.00000000117448654741353
0.398	0.881783241653497	-0.00170192501547331	0.00000156989604170124	-0.00000000117358857545637
0.399	0.881519346673642	-0.00170095138468648	0.00000156880430967808	-0.00000000117269132944971
0.4	0.881255602652616	-0.00169997843095552	0.00000156771341230083	-0.00000000117179480878473
0.401	0.880992009485445	-0.00169900615376281	0.00000156662334889476	-0.00000000117089901285313
0.402	0.880728567067238	-0.00169803455259117	0.00000156553411878571	-0.00000000117000394104713
0.403	0.880465275293185	-0.00169706362692383	0.00000156444572130008	-0.00000000116910959275949
0.404	0.880202134058552	-0.00169609337624443	0.00000156335815576485	-0.00000000116821596738346
0.405	0.879939143258688	-0.00169512380003703	0.00000156227142150756	-0.00000000116732306431286
0.406	0.879676302789023	-0.00169415489778612	0.00000156118551785630	-0.00000000116643088294198
0.407	0.879413612545064	-0.00169318666897659	0.00000156010044413973	-0.00000000116553942266566
0.408	0.879151072422400	-0.00169221911309375	0.00000155901619968708	-0.00000000116464868287927
0.409	0.878888682316699	-0.00169125222962334	0.00000155793278382815	-0.00000000116375866297867
0.41	0.878626442123708	-0.00169028601805150	0.00000155685019589327	-0.00000000116286936236027
0.411	0.878364351739256	-0.00168932047786479	0.00000155576843521336	-0.00000000116198078042098
0.412	0.878102411059248	-0.00168835560855019	0.00000155468750111989	-0.00000000116109291655824
0.413	0.877840619979673	-0.00168739140959508	0.00000155360739294490	-0.00000000116020577016999
0.414	0.877578978396595	-0.00168642788048727	0.00000155252811002098	-0.00000000115931934065471
0.415	0.877317486206161	-0.00168546502071497	0.00000155144965168128	-0.00000000115843362741140
0.416	0.877056143304594	-0.00168450282976683	0.00000155037201725951	-0.00000000115754862983955
0.417	0.876794949588201	-0.00168354130713187	0.00000154929520608994	-0.00000000115666434733919
0.418	0.876533904953362	-0.00168258045229957	0.00000154821921750741	-0.00000000115578077931086
0.419	0.876273009296542	-0.00168162026475979	0.00000154714405084729	-0.00000000115489792515561
0.42	0.876012262514282	-0.00168066074400280	0.00000154606970544554	-0.00000000115401578427502
0.421	0.875751664503203	-0.00167970188951932	0.00000154499618063864	-0.00000000115313435607116
0.422	0.875491215160003	-0.00167874370080044	0.00000154392347576366	-0.00000000115225363994665
0.423	0.875230914381462	-0.00167778617733767	0.00000154285159015820	-0.00000000115137363530459
0.424	0.874970762064436	-0.00167682931862295	0.00000154178052316045	-0.00000000115049434154861
0.425	0.874710758105863	-0.00167587312414861	0.00000154071027410910	-0.00000000114961575808285
0.426	0.874450902402756	-0.00167491759340740	0.00000153964084234345	-0.00000000114873788431197
0.427	0.874191194852209	-0.00167396272589248	0.00000153857222720332	-0.00000000114786071964112
0.428	0.873931635351394	-0.00167300852109742	0.00000153750442802910	-0.00000000114698426347600
0.429	0.873672223797562	-0.00167205497851619	0.00000153643744416171	-0.00000000114610851522277
0.43	0.873412960088042	-0.00167110209764317	0.00000153537127494266	-0.00000000114523347428816
0.431	0.873153844120240	-0.00167014987797316	0.00000153430591971397	-0.00000000114435914007935
0.432	0.872894875791643	-0.00166919831900136	0.00000153324137781824	-0.00000000114348551200408
0.433	0.872636054999815	-0.00166824742022338	0.00000153217764859862	-0.00000000114261258947057
0.434	0.872377381642398	-0.00166729718113524	0.00000153111473139879	-0.00000000114174037188756
0.435	0.872118855617112	-0.00166634760123335	0.00000153005262556300	-0.00000000114086885866430
0.436	0.871860476821756	-0.00166539868001455	0.00000152899133043604	-0.00000000113999804921054
0.437	0.871602245154205	-0.00166445041697608	0.00000152793084536325	-0.00000000113912794293655
0.438	0.871344160512414	-0.00166350281161557	0.00000152687116969052	-0.00000000113825853925309
0.439	0.871086222794416	-0.00166255586343107	0.00000152581230276430	-0.00000000113738983757144
0.44	0.870828431898321	-0.00166160957192104	0.00000152475424393156	-0.00000000113652183730339
0.441	0.870570787722316	-0.00166066393658434	0.00000152369699253984	-0.00000000113565453786121
0.442	0.870313290164666	-0.00165971895692023	0.00000152264054793722	-0.00000000113478793865772
0.443	0.870055939123716	-0.00165877463242836	0.00000152158490947233	-0.00000000113392203910620
0.444	0.869798734497885	-0.00165783096260883	0.00000152053007649433	-0.00000000113305683862047
0.445	0.869541676185672	-0.00165688794696209	0.00000151947604835295	-0.00000000113219233661482
0.446	0.869284764085653	-0.00165594558498903	0.00000151842282439844	-0.00000000113132853250407
0.447	0.869027998096480	-0.00165500387619093	0.00000151737040398161	-0.00000000113046542570355
0.448	0.868771378116884	-0.00165406282006947	0.00000151631878645381	-0.00000000112960301562905
0.449	0.868514904045672	-0.00165312241612674	0.00000151526797116694	-0.00000000112874130169692
0.45	0.868258575781730	-0.00165218266386522	0.00000151421795747343	-0.00000000112788028332396
0.451	0.868002393224019	-0.00165124356278781	0.00000151316874472626	-0.00000000112701995992750
0.452	0.867746356271578	-0.00165030511239779	0.00000151212033227895	-0.00000000112616033092537
0.453	0.867490464823524	-0.00164936731219886	0.00000151107271948556	-0.00000000112530139573589
0.454	0.867234718779049	-0.00164843016169510	0.00000151002590570070	-0.00000000112444315377789
0.455	0.866979118037423	-0.00164749366039101	0.00000150897989027951	-0.00000000112358560447070
0.456	0.866723662497993	-0.00164655780779148	0.00000150793467257768	-0.00000000112272874723414
0.457	0.866468352060183	-0.00164562260340180	0.00000150689025195142	-0.00000000112187258148853
0.458	0.866213186623491	-0.00164468804672767	0.00000150584662775750	-0.00000000112101710665469
0.459	0.865958166087496	-0.00164375413727517	0.00000150480379935323	-0.00000000112016232215396
0.46	0.865703290351851	-0.00164282087455079	0.00000150376176609644	-0.00000000111930822740813
0.461	0.865448559316285	-0.00164188825806142	0.00000150272052734551	-0.00000000111845482183954
0.462	0.865193972880605	-0.00164095628731433	0.00000150168008245936	-0.00000000111760210487099
0.463	0.864939530944693	-0.00164002496181723	0.00000150064043079744	-0.00000000111675007592578
0.464	0.864685233408509	-0.00163909428107817	0.00000149960157171974	-0.00000000111589873442773
0.465	0.864431080172087	-0.00163816424460564	0.00000149856350458677	-0.00000000111504807980113
0.466	0.864177071135540	-0.00163723485190852	0.00000149752622875961	-0.00000000111419811147078
0.467	0.863923206199055	-0.00163630610249606	0.00000149648974359985	-0.00000000111334882886197
0.468	0.863669485262896	-0.00163537799587794	0.00000149545404846962	-0.00000000111250023140047
0.469	0.863415908227402	-0.00163445053156421	0.00000149441914273158	-0.00000000111165231851257
0.47	0.863162474992990	-0.00163352370906533	0.00000149338502574892	-0.00000000111080508962503
0.471	0.862909185460150	-0.00163259752789215	0.00000149235169688539	-0.00000000110995854416512
0.472	0.862656039529450	-0.00163167198755592	0.00000149131915550524	-0.00000000110911268156059
0.473	0.862403037101535	-0.00163074708756828	0.00000149028740097327	-0.00000000110826750123969
0.474	0.862150178077121	-0.00162982282744125	0.00000148925643265481	-0.00000000110742300263116
0.475	0.861897462357005	-0.00162889920668726	0.00000148822624991571	-0.00000000110657918516422
0.476	0.861644889842056	-0.00162797622481915	0.00000148719685212238	-0.00000000110573604826860
0.477	0.861392460433220	-0.00162705388135011	0.00000148616823864172	-0.00000000110489359137451
0.478	0.861140174031518	-0.00162613217579375	0.00000148514040884118	-0.00000000110405181391265
0.479	0.860888030538046	-0.00162521110766407	0.00000148411336208876	-0.00000000110321071531420
0.48	0.860636029853978	-0.00162429067647547	0.00000148308709775295	-0.00000000110237029501085
0.481	0.860384171880559	-0.00162337088174271	0.00000148206161520280	-0.00000000110153055243476
0.482	0.860132456519113	-0.00162245172298099	0.00000148103691380787	-0.00000000110069148701858
0.483	0.859880883671038	-0.00162153319970585	0.00000148001299293826	-0.00000000109985309819547
0.484	0.859629453237804	-0.00162061531143325	0.00000147898985196458	-0.00000000109901538539905
0.485	0.859378165120962	-0.00161969805767954	0.00000147796749025799	-0.00000000109817834806342
0.486	0.859127019222133	-0.00161878143796146	0.00000147694590719015	-0.00000000109734198562321
0.487	0.858876015443015	-0.00161786545179612	0.00000147592510213328	-0.00000000109650629751350
0.488	0.858625153685380	-0.00161695009870104	0.00000147490507446009	-0.00000000109567128316986
0.489	0.858374433851077	-0.00161603537819412	0.00000147388582354384	-0.00000000109483694202835
0.49	0.858123855842027	-0.00161512128979365	0.00000147286734875830	-0.00000000109400327352551
0.491	0.857873419560227	-0.00161420783301832	0.00000147184964947778	-0.00000000109317027709838
0.492	0.857623124907748	-0.00161329500738719	0.00000147083272507708	-0.00000000109233795218446
0.493	0.857372971786736	-0.00161238281241971	0.00000146981657493157	-0.00000000109150629822176
0.494	0.857122960099413	-0.00161147124763574	0.00000146880119841711	-0.00000000109067531464874
0.495	0.856873089748072	-0.00161056031255549	0.00000146778659491010	-0.00000000108984500090437
0.496	0.856623360635083	-0.00160965000669958	0.00000146677276378743	-0.00000000108901535642810
0.497	0.856373772662890	-0.00160874032958903	0.00000146575970442656	-0.00000000108818638065985
0.498	0.856124325734010	-0.00160783128074521	0.00000146474741620544	-0.00000000108735807304002
0.499	0.855875019751036	-0.00160692285968990	0.00000146373589850254	-0.00000000108653043300950
0.5	0.855625854616634	-0.00160601506594526	0.00000146272515069685	-0.00000000108570346000966
0.501	0.855376830233544	-0.00160510789903384	0.00000146171517216791	-0.00000000108487715348234
0.502	0.855127946504582	-0.00160420135847856	0.00000146070596229574	-0.00000000108405151286988
0.503	0.854879203332634	-0.00160329544380275	0.00000145969752046089	-0.00000000108322653761508
0.504	0.854630600620662	-0.00160239015453010	0.00000145868984604444	-0.00000000108240222716122
0.505	0.854382138271705	-0.00160148549018468	0.00000145768293842797	-0.00000000108157858095207
0.506	0.854133816188870	-0.00160058145029098	0.00000145667679699361	-0.00000000108075559843186
0.507	0.853885634275342	-0.00159967803437383	0.00000145567142112396	-0.00000000107993327904532
0.508	0.853637592434378	-0.00159877524195847	0.00000145466681020218	-0.00000000107911162223764
0.509	0.853389690569309	-0.00159787307257052	0.00000145366296361192	-0.00000000107829062745450
0.51	0.853141928583538	-0.00159697152573596	0.00000145265988073734	-0.00000000107747029414204
0.511	0.852894306380545	-0.00159607060098118	0.00000145165756096315	-0.00000000107665062174689
0.512	0.852646823863881	-0.00159517029783295	0.00000145065600367455	-0.00000000107583160971614
0.513	0.852399480937169	-0.00159427061581839	0.00000144965520825724	-0.00000000107501325749737
0.514	0.852152277504108	-0.00159337155446504	0.00000144865517409746	-0.00000000107419556453864
0.515	0.851905213468470	-0.00159247311330079	0.00000144765590058196	-0.00000000107337853028845
0.516	0.851658288734098	-0.00159157529185393	0.00000144665738709800	-0.00000000107256215419582
0.517	0.851411503204911	-0.00159067808965313	0.00000144565963303334	-0.00000000107174643571021
0.518	0.851164856784899	-0.00158978150622742	0.00000144466263777626	-0.00000000107093137428156
0.519	0.850918349378126	-0.00158888554110623	0.00000144366640071557	-0.00000000107011696936030
0.52	0.850671980888727	-0.00158799019381936	0.00000144267092124056	-0.00000000106930322039730
0.521	0.850425751220914	-0.00158709546389699	0.00000144167619874105	-0.00000000106849012684393
0.522	0.850179660278968	-0.00158620135086967	0.00000144068223260736	-0.00000000106767768815201
0.523	0.849933707967244	-0.00158530785426836	0.00000143968902223034	-0.00000000106686590377386
0.524	0.849687894190171	-0.00158441497362435	0.00000143869656700133	-0.00000000106605477316224
0.525	0.849442218852248	-0.00158352270846934	0.00000143770486631218	-0.00000000106524429577039
0.526	0.849196681858049	-0.00158263105833541	0.00000143671391955526	-0.00000000106443447105203
0.527	0.848951283112220	-0.00158174002275499	0.00000143572372612344	-0.00000000106362529846133
0.528	0.848706022519478	-0.00158084960126091	0.00000143473428541009	-0.00000000106281677745295
0.529	0.848460899984615	-0.00157995979338636	0.00000143374559680911	-0.00000000106200890748201
0.53	0.848215915412494	-0.00157907059866493	0.00000143275765971488	-0.00000000106120168800408
0.531	0.847971068708049	-0.00157818201663056	0.00000143177047352231	-0.00000000106039511847523
0.532	0.847726359776289	-0.00157729404681757	0.00000143078403762680	-0.00000000105958919835197
0.533	0.847481788522292	-0.00157640668876067	0.00000142979835142426	-0.00000000105878392709129
0.534	0.847237354851211	-0.00157551994199494	0.00000142881341431112	-0.00000000105797930415065
0.535	0.846993058668271	-0.00157463380605581	0.00000142782922568428	-0.00000000105717532898796
0.536	0.846748899878766	-0.00157374828047912	0.00000142684578494118	-0.00000000105637200106161
0.537	0.846504878388065	-0.00157286336480105	0.00000142586309147975	-0.00000000105556931983045
0.538	0.846260994101607	-0.00157197905855819	0.00000142488114469841	-0.00000000105476728475380
0.539	0.846017246924905	-0.00157109536128747	0.00000142389994399610	-0.00000000105396589529143
0.54	0.845773636763543	-0.00157021227252622	0.00000142291948877227	-0.00000000105316515090358
0.541	0.845530163523174	-0.00156932979181210	0.00000142193977842684	-0.00000000105236505105097
0.542	0.845286827109526	-0.00156844791868320	0.00000142096081236027	-0.00000000105156559519476
0.543	0.845043627428399	-0.00156756665267794	0.00000141998258997349	-0.00000000105076678279659
0.544	0.844800564385660	-0.00156668599333512	0.00000141900511066795	-0.00000000104996861331854
0.545	0.844557637887254	-0.00156580594019393	0.00000141802837384559	-0.00000000104917108622318
0.546	0.844314847839192	-0.00156492649279390	0.00000141705237890886	-0.00000000104837420097352
0.547	0.844072194147558	-0.00156404765067494	0.00000141607712526070	-0.00000000104757795703305
0.548	0.843829676718509	-0.00156316941337736	0.00000141510261230455	-0.00000000104678235386570
0.549	0.843587295458272	-0.00156229178044181	0.00000141412883944436	-0.00000000104598739093586
0.55	0.843345050273145	-0.00156141475140930	0.00000141315580608456	-0.00000000104519306770841
0.551	0.843102941069497	-0.00156053832582125	0.00000141218351163009	-0.00000000104439938364865
0.552	0.842860967753769	-0.00155966250321940	0.00000141121195548638	-0.00000000104360633822238
0.553	0.842619130232473	-0.00155878728314590	0.00000141024113705937	-0.00000000104281393089581
0.554	0.842377428412190	-0.00155791266514325	0.00000140927105575549	-0.00000000104202216113566
0.555	0.842135862199575	-0.00155703864875431	0.00000140830171098165	-0.00000000104123102840906
0.556	0.841894431501353	-0.00155616523352233	0.00000140733310214528	-0.00000000104044053218363
0.557	0.841653136224316	-0.00155529241899091	0.00000140636522865430	-0.00000000103965067192745
0.558	0.841411976275333	-0.00155442020470402	0.00000140539808991710	-0.00000000103886144710902
0.559	0.841170951561340	-0.00155354859020601	0.00000140443168534261	-0.00000000103807285719733
0.56	0.840930061989343	-0.00155267757504156	0.00000140346601434021	-0.00000000103728490166182
0.561	0.840689307466421	-0.00155180715875577	0.00000140250107631980	-0.00000000103649757997238
0.562	0.840448687899723	-0.00155093734089407	0.00000140153687069176	-0.00000000103571089159935
0.563	0.840208203196466	-0.00155006812100226	0.00000140057339686697	-0.00000000103492483601354
0.564	0.839967853263940	-0.00154919949862650	0.00000139961065425679	-0.00000000103413941268619
0.565	0.839727638009506	-0.00154833147331334	0.00000139864864227310	-0.00000000103335462108902
0.566	0.839487557340592	-0.00154746404460968	0.00000139768736032825	-0.00000000103257046069419
0.567	0.839247611164699	-0.00154659721206277	0.00000139672680783507	-0.00000000103178693097432
0.568	0.839007799389398	-0.00154573097522024	0.00000139576698420690	-0.00000000103100403140246
0.569	0.838768121922329	-0.00154486533363008	0.00000139480788885757	-0.00000000103022176145215
0.57	0.838528578671203	-0.00154400028684066	0.00000139384952120139	-0.00000000102944012059736
0.571	0.838289169543800	-0.00154313583440068	0.00000139289188065317	-0.00000000102865910831250
0.572	0.838049894447971	-0.00154227197585923	0.00000139193496662819	-0.00000000102787872407245
0.573	0.837810753291636	-0.00154140871076575	0.00000139097877854224	-0.00000000102709896735254
0.574	0.837571745982786	-0.00154054603867005	0.00000139002331581159	-0.00000000102631983762855
0.575	0.837332872429481	-0.00153968395912229	0.00000138906857785300	-0.00000000102554133437669
0.576	0.837094132539850	-0.00153882247167300	0.00000138811456408371	-0.00000000102476345707364
0.577	0.836855526222095	-0.00153796157587308	0.00000138716127392144	-0.00000000102398620519653
0.578	0.836617053384482	-0.00153710127127378	0.00000138620870678443	-0.00000000102320957822292
0.579	0.836378713935353	-0.00153624155742670	0.00000138525686209136	-0.00000000102243357563085
0.58	0.836140507783113	-0.00153538243388382	0.00000138430573926143	-0.00000000102165819689877
0.581	0.835902434836243	-0.00153452390019748	0.00000138335533771432	-0.00000000102088344150560
0.582	0.835664495003288	-0.00153366595592037	0.00000138240565687018	-0.00000000102010930893071
0.583	0.835426688192865	-0.00153280860060554	0.00000138145669614965	-0.00000000101933579865391
0.584	0.835189014313660	-0.00153195183380640	0.00000138050845497387	-0.00000000101856291015545
0.585	0.834951473274429	-0.00153109565507673	0.00000137956093276444	-0.00000000101779064291603
0.586	0.834714064983995	-0.00153024006397065	0.00000137861412894345	-0.00000000101701899641681
0.587	0.834476789351251	-0.00152938506004265	0.00000137766804293348	-0.00000000101624797013937
0.588	0.834239646285161	-0.00152853064284758	0.00000137672267415760	-0.00000000101547756356575
0.589	0.834002635694755	-0.00152767681194064	0.00000137577802203933	-0.00000000101470777617844
0.59	0.833765757489134	-0.00152682356687740	0.00000137483408600270	-0.00000000101393860746036
0.591	0.833529011577468	-0.00152597090721376	0.00000137389086547222	-0.00000000101317005689488
0.592	0.833292397868994	-0.00152511883250602	0.00000137294835987286	-0.00000000101240212396581
0.593	0.833055916273020	-0.00152426734231079	0.00000137200656863010	-0.00000000101163480815741
0.594	0.832819566698920	-0.00152341643618507	0.00000137106549116986	-0.00000000101086810895438
0.595	0.832583349056141	-0.00152256611368621	0.00000137012512691858	-0.00000000101010202584186
0.596	0.832347263254194	-0.00152171637437190	0.00000136918547530316	-0.00000000100933655830542
0.597	0.832111309202661	-0.00152086721780020	0.00000136824653575097	-0.00000000100857170583110
0.598	0.831875486811192	-0.00152001864352951	0.00000136730830768987	-0.00000000100780746790535
0.599	0.831639795989507	-0.00151917065111861	0.00000136637079054821	-0.00000000100704384401509
0.6	0.831404236647391	-0.00151832324012662	0.00000136543398375478	-0.00000000100628083364765
0.601	0.831168808694701	-0.00151747641011300	0.00000136449788673888	-0.00000000100551843629082
0.602	0.830933512041359	-0.00151663016063759	0.00000136356249893029	-0.00000000100475665143282
0.603	0.830698346597358	-0.00151578449126057	0.00000136262781975923	-0.00000000100399547856232
0.604	0.830463312272758	-0.00151493940154247	0.00000136169384865642	-0.00000000100323491716842
0.605	0.830228408977687	-0.00151409489104419	0.00000136076058505307	-0.00000000100247496674065
0.606	0.829993636622342	-0.00151325095932696	0.00000135982802838084	-0.00000000100171562676900
0.607	0.829758995116986	-0.00151240760595237	0.00000135889617807187	-0.00000000100095689674388
0.608	0.829524484371951	-0.00151156483048238	0.00000135796503355877	-0.00000000100019877615614
0.609	0.829290104297639	-0.00151072263247927	0.00000135703459427464	-0.00000000099944126449707
0.61	0.829055854804517	-0.00150988101150570	0.00000135610485965304	-0.00000000099868436125839
0.611	0.828821735803121	-0.00150903996712467	0.00000135517582912800	-0.00000000099792806593227
0.612	0.828587747204055	-0.00150819949889953	0.00000135424750213404	-0.00000000099717237801129
0.613	0.828353888917989	-0.00150735960639398	0.00000135331987810613	-0.00000000099641729698851
0.614	0.828120160855664	-0.00150652028917207	0.00000135239295647973	-0.00000000099566282235736
0.615	0.827886562927885	-0.00150568154679820	0.00000135146673669076	-0.00000000099490895361177
0.616	0.827653095045526	-0.00150484337883714	0.00000135054121817562	-0.00000000099415569024606
0.617	0.827419757119530	-0.00150400578485397	0.00000134961640037116	-0.00000000099340303175501
0.618	0.827186549060904	-0.00150316876441416	0.00000134869228271472	-0.00000000099265097763380
0.619	0.826953470780726	-0.00150233231708349	0.00000134776886464410	-0.00000000099189952737809
0.62	0.826720522190139	-0.00150149644242812	0.00000134684614559759	-0.00000000099114868048392
0.621	0.826487703200354	-0.00150066114001455	0.00000134592412501392	-0.00000000099039843644781
0.622	0.826255013722650	-0.00149982640940961	0.00000134500280233229	-0.00000000098964879476669
0.623	0.826022453668370	-0.00149899225018051	0.00000134408217699240	-0.00000000098889975493791
0.624	0.825790022948929	-0.00149815866189478	0.00000134316224843437	-0.00000000098815131645926
0.625	0.825557721475805	-0.00149732564412032	0.00000134224301609884	-0.00000000098740347882898
0.626	0.825325549160545	-0.00149649319642534	0.00000134132447942687	-0.00000000098665624154571
0.627	0.825093505914762	-0.00149566131837844	0.00000134040663786002	-0.00000000098590960410854
0.628	0.824861591650136	-0.00149483000954855	0.00000133948949084028	-0.00000000098516356601699
0.629	0.824629806278415	-0.00149399926950493	0.00000133857303781015	-0.00000000098441812677098
0.63	0.824398149711412	-0.00149316909781720	0.00000133765727821257	-0.00000000098367328587090
0.631	0.824166621861009	-0.00149233949405533	0.00000133674221149093	-0.00000000098292904281755
0.632	0.823935222639152	-0.00149151045778963	0.00000133582783708912	-0.00000000098218539711214
0.633	0.823703951957855	-0.00149068198859075	0.00000133491415445146	-0.00000000098144234825634
0.634	0.823472809729199	-0.00148985408602970	0.00000133400116302277	-0.00000000098069989575223
0.635	0.823241795865331	-0.00148902674967781	0.00000133308886224829	-0.00000000097995803910231
0.636	0.823010910278464	-0.00148819997910677	0.00000133217725157376	-0.00000000097921677780953
0.637	0.822780152880878	-0.00148737377388861	0.00000133126633044536	-0.00000000097847611137724
0.638	0.822549523584919	-0.00148654813359572	0.00000133035609830974	-0.00000000097773603930922
0.639	0.822319022303000	-0.00148572305780080	0.00000132944655461402	-0.00000000097699656110970
0.64	0.822088648947599	-0.00148489854607691	0.00000132853769880576	-0.00000000097625767628331
0.641	0.821858403431262	-0.00148407459799746	0.00000132762953033300	-0.00000000097551938433511
0.642	0.821628285666599	-0.00148325121313620	0.00000132672204864424	-0.00000000097478168477059
0.643	0.821398295566288	-0.00148242839106722	0.00000132581525318842	-0.00000000097404457709565
0.644	0.821168433043072	-0.00148160613136493	0.00000132490914341495	-0.00000000097330806081664
0.645	0.820938698009759	-0.00148078443360411	0.00000132400371877372	-0.00000000097257213544031
0.646	0.820709090379226	-0.00147996329735988	0.00000132309897871505	-0.00000000097183680047383
0.647	0.820479610064413	-0.00147914272220769	0.00000132219492268973	-0.00000000097110205542481
0.648	0.820250256978327	-0.00147832270772332	0.00000132129155014901	-0.00000000097036789980128
0.649	0.820021031034040	-0.00147750325348292	0.00000132038886054460	-0.00000000096963433311167
0.65	0.819791932144691	-0.00147668435906296	0.00000131948685332865	-0.00000000096890135486486
0.651	0.819562960223484	-0.00147586602404024	0.00000131858552795378	-0.00000000096816896457013
0.652	0.819334115183688	-0.00147504824799193	0.00000131768488387308	-0.00000000096743716173720
0.653	0.819105396938638	-0.00147423103049551	0.00000131678492054007	-0.00000000096670594587618
0.654	0.818876805401735	-0.00147341437112882	0.00000131588563740874	-0.00000000096597531649764
0.655	0.818648340486446	-0.00147259826947003	0.00000131498703393354	-0.00000000096524527311252
0.656	0.818420002106301	-0.00147178272509763	0.00000131408910956935	-0.00000000096451581523224
0.657	0.818191790174897	-0.00147096773759049	0.00000131319186377155	-0.00000000096378694236858
0.658	0.817963704605897	-0.00147015330652778	0.00000131229529599592	-0.00000000096305865403377
0.659	0.817735745313027	-0.00146933943148902	0.00000131139940569873	-0.00000000096233094974046
0.66	0.817507912210081	-0.00146852611205407	0.00000131050419233669	-0.00000000096160382900169
0.661	0.817280205210916	-0.00146771334780313	0.00000130960965536697	-0.00000000096087729133096
0.662	0.817052624229455	-0.00146690113831673	0.00000130871579424719	-0.00000000096015133624216
0.663	0.816825169179685	-0.00146608948317574	0.00000130782260843542	-0.00000000095942596324958
0.664	0.816597839975660	-0.00146527838196135	0.00000130693009739019	-0.00000000095870117186797
0.665	0.816370636531497	-0.00146446783425512	0.00000130603826057046	-0.00000000095797696161245
0.666	0.816143558761379	-0.00146365783963891	0.00000130514709743566	-0.00000000095725333199860
0.667	0.815916606579552	-0.00146284839769495	0.00000130425660744568	-0.00000000095653028254238
0.668	0.815689779900331	-0.00146203950800576	0.00000130336679006082	-0.00000000095580781276017
0.669	0.815463078638090	-0.00146123117015424	0.00000130247764474188	-0.00000000095508592216879
0.67	0.815236502707272	-0.00146042338372359	0.00000130158917095007	-0.00000000095436461028544
0.671	0.815010052022384	-0.00145961614829738	0.00000130070136814707	-0.00000000095364387662775
0.672	0.814783726497996	-0.00145880946345947	0.00000129981423579501	-0.00000000095292372071377
0.673	0.814557526048742	-0.00145800332879409	0.00000129892777335646	-0.00000000095220414206196
0.674	0.814331450589323	-0.00145719774388578	0.00000129804198029442	-0.00000000095148514019117
0.675	0.814105500034504	-0.00145639270831944	0.00000129715685607239	-0.00000000095076671462070
0.676	0.813879674299111	-0.00145558822168026	0.00000129627240015425	-0.00000000095004886487022
0.677	0.813653973298040	-0.00145478428355381	0.00000129538861200439	-0.00000000094933159045985
0.678	0.813428396946246	-0.00145398089352596	0.00000129450549108760	-0.00000000094861489091010
0.679	0.813202945158750	-0.00145317805118293	0.00000129362303686914	-0.00000000094789876574189
0.68	0.812977617850639	-0.00145237575611125	0.00000129274124881471	-0.00000000094718321447656
0.681	0.812752414937062	-0.00145157400789780	0.00000129186012639045	-0.00000000094646823663585
0.682	0.812527336333231	-0.00145077280612979	0.00000129097966906295	-0.00000000094575383174192
0.683	0.812302381954426	-0.00144997215039475	0.00000129009987629925	-0.00000000094503999931734
0.684	0.812077551715988	-0.00144917204028056	0.00000128922074756682	-0.00000000094432673888507
0.685	0.811852845533321	-0.00144837247537540	0.00000128834228233359	-0.00000000094361404996851
0.686	0.811628263321896	-0.00144757345526782	0.00000128746448006792	-0.00000000094290193209143
0.687	0.811403804997244	-0.00144677497954665	0.00000128658734023862	-0.00000000094219038477803
0.688	0.811179470474964	-0.00144597704780109	0.00000128571086231493	-0.00000000094147940755293
0.689	0.810955259670716	-0.00144517965962066	0.00000128483504576656	-0.00000000094076899994113
0.69	0.810731172500223	-0.00144438281459520	0.00000128395989006363	-0.00000000094005916146806
0.691	0.810507208879274	-0.00144358651231489	0.00000128308539467673	-0.00000000093934989165953
0.692	0.810283368723720	-0.00144279075237022	0.00000128221155907686	-0.00000000093864119004179
0.693	0.810059651949475	-0.00144199553435202	0.00000128133838273550	-0.00000000093793305614147
0.694	0.809836058472518	-0.00144120085785145	0.00000128046586512453	-0.00000000093722548948560
0.695	0.809612588208891	-0.00144040672246000	0.00000127959400571629	-0.00000000093651848960165
0.696	0.809389241074697	-0.00143961312776948	0.00000127872280398356	-0.00000000093581205601746
0.697	0.809166016986107	-0.00143882007337203	0.00000127785225939956	-0.00000000093510618826128
0.698	0.808942915859350	-0.00143802755886011	0.00000127698237143795	-0.00000000093440088586179
0.699	0.808719937610722	-0.00143723558382651	0.00000127611313957281	-0.00000000093369614834804
0.7	0.808497082156580	-0.00143644414786435	0.00000127524456327869	-0.00000000093299197524950
0.701	0.808274349413346	-0.00143565325056709	0.00000127437664203055	-0.00000000093228836609605
0.702	0.808051739297503	-0.00143486289152848	0.00000127350937530379	-0.00000000093158532041795
0.703	0.807829251725598	-0.00143407307034262	0.00000127264276257427	-0.00000000093088283774589
0.704	0.807606886614240	-0.00143328378660393	0.00000127177680331826	-0.00000000093018091761093
0.705	0.807384643880103	-0.00143249503990716	0.00000127091149701247	-0.00000000092947955954456
0.706	0.807162523439923	-0.00143170682984738	0.00000127004684313408	-0.00000000092877876307866
0.707	0.806940525210496	-0.00143091915601997	0.00000126918284116065	-0.00000000092807852774550
0.708	0.806718649108685	-0.00143013201802066	0.00000126831949057021	-0.00000000092737885307778
0.709	0.806496895051413	-0.00142934541544549	0.00000126745679084123	-0.00000000092667973860856
0.71	0.806275262955666	-0.00142855934789082	0.00000126659474145260	-0.00000000092598118387134
0.711	0.806053752738493	-0.00142777381495335	0.00000126573334188363	-0.00000000092528318839999
0.712	0.805832364317006	-0.00142698881623007	0.00000126487259161409	-0.00000000092458575172879
0.713	0.805611097608379	-0.00142620435131833	0.00000126401249012418	-0.00000000092388887339242
0.714	0.805389952529847	-0.00142542041981578	0.00000126315303689452	-0.00000000092319255292595
0.715	0.805168928998711	-0.00142463702132039	0.00000126229423140617	-0.00000000092249678986486
0.716	0.804948026932330	-0.00142385415543048	0.00000126143607314062	-0.00000000092180158374503
0.717	0.804727246248128	-0.00142307182174465	0.00000126057856157978	-0.00000000092110693410271
0.718	0.804506586863590	-0.00142229001986185	0.00000125972169620602	-0.00000000092041284047459
0.719	0.804286048696265	-0.00142150874938135	0.00000125886547650213	-0.00000000091971930239771
0.72	0.804065631663763	-0.00142072800990273	0.00000125800990195130	-0.00000000091902631940955
0.721	0.803845335683754	-0.00141994780102589	0.00000125715497203720	-0.00000000091833389104795
0.722	0.803625160673973	-0.00141916812235106	0.00000125630068624389	-0.00000000091764201685116
0.723	0.803405106552217	-0.00141838897347878	0.00000125544704405588	-0.00000000091695069635784
0.724	0.803185173236343	-0.00141761035400992	0.00000125459404495811	-0.00000000091625992910702
0.725	0.802965360644270	-0.00141683226354566	0.00000125374168843594	-0.00000000091556971463814
0.726	0.802745668693981	-0.00141605470168751	0.00000125288997397515	-0.00000000091488005249102
0.727	0.802526097303519	-0.00141527766803728	0.00000125203890106198	-0.00000000091419094220590
0.728	0.802306646390988	-0.00141450116219712	0.00000125118846918306	-0.00000000091350238332338
0.729	0.802087315874557	-0.00141372518376949	0.00000125033867782546	-0.00000000091281437538448
0.73	0.801868105672453	-0.00141294973235716	0.00000124948952647670	-0.00000000091212691793060
0.731	0.801649015702965	-0.00141217480756323	0.00000124864101462470	-0.00000000091144001050354
0.732	0.801430045884447	-0.00141140040899111	0.00000124779314175781	-0.00000000091075365264548
0.733	0.801211196135310	-0.00141062653624452	0.00000124694590736482	-0.00000000091006784389900
0.734	0.800992466374030	-0.00140985318892753	0.00000124609931093493	-0.00000000090938258380708
0.735	0.800773856519142	-0.00140908036664449	0.00000124525335195776	-0.00000000090869787191307
0.736	0.800555366489243	-0.00140830806900007	0.00000124440802992338	-0.00000000090801370776073
0.737	0.800336996202992	-0.00140753629559929	0.00000124356334432226	-0.00000000090733009089420
0.738	0.800118745579109	-0.00140676504604744	0.00000124271929464531	-0.00000000090664702085801
0.739	0.799900614536374	-0.00140599431995016	0.00000124187588038386	-0.00000000090596449719709
0.74	0.799682602993630	-0.00140522411691339	0.00000124103310102966	-0.00000000090528251945674
0.741	0.799464710869780	-0.00140445443654339	0.00000124019095607488	-0.00000000090460108718268
0.742	0.799246938083788	-0.00140368527844673	0.00000123934944501211	-0.00000000090392019992099
0.743	0.799029284554680	-0.00140291664223030	0.00000123850856733438	-0.00000000090323985721814
0.744	0.798811750201540	-0.00140214852750131	0.00000123766832253512	-0.00000000090256005862101
0.745	0.798594334943518	-0.00140138093386726	0.00000123682871010821	-0.00000000090188080367685
0.746	0.798377038699819	-0.00140061386093600	0.00000123598972954792	-0.00000000090120209193330
0.747	0.798159861389714	-0.00139984730831566	0.00000123515138034895	-0.00000000090052392293838
0.748	0.797942802932531	-0.00139908127561470	0.00000123431366200643	-0.00000000089984629624052
0.749	0.797725863247661	-0.00139831576244190	0.00000123347657401590	-0.00000000089916921138852
0.75	0.797509042254555	-0.00139755076840633	0.00000123264011587334	-0.00000000089849266793155
0.751	0.797292339872724	-0.00139678629311739	0.00000123180428707512	-0.00000000089781666541921
0.752	0.797075756021740	-0.00139602233618480	0.00000123096908711804	-0.00000000089714120340143
0.753	0.796859290621236	-0.00139525889721857	0.00000123013451549932	-0.00000000089646628142858
0.754	0.796642943590904	-0.00139449597582903	0.00000122930057171662	-0.00000000089579189905137
0.755	0.796426714850498	-0.00139373357162683	0.00000122846725526797	-0.00000000089511805582092
0.756	0.796210604319831	-0.00139297168422292	0.00000122763456565186	-0.00000000089444475128872
0.757	0.795994611918779	-0.00139221031322857	0.00000122680250236719	-0.00000000089377198500666
0.758	0.795778737567274	-0.00139144945825535	0.00000122597106491325	-0.00000000089309975652700
0.759	0.795562981185312	-0.00139068911891516	0.00000122514025278977	-0.00000000089242806540238
0.76	0.795347342692948	-0.00138992929482019	0.00000122431006549690	-0.00000000089175691118584
0.761	0.795131822010295	-0.00138916998558294	0.00000122348050253519	-0.00000000089108629343078
0.762	0.794916419057530	-0.00138841119081624	0.00000122265156340562	-0.00000000089041621169101
0.763	0.794701133754887	-0.00138765291013322	0.00000122182324760957	-0.00000000088974666552068
0.764	0.794485966022661	-0.00138689514314730	0.00000122099555464885	-0.00000000088907765447437
0.765	0.794270915781207	-0.00138613788947223	0.00000122016848402567	-0.00000000088840917810700
0.766	0.794055982950939	-0.00138538114872207	0.00000121934203524266	-0.00000000088774123597390
0.767	0.793841167452333	-0.00138462492051118	0.00000121851620780287	-0.00000000088707382763076
0.768	0.793626469205922	-0.00138386920445423	0.00000121769100120976	-0.00000000088640695263367
0.769	0.793411888132301	-0.00138311400016619	0.00000121686641496719	-0.00000000088574061053908
0.77	0.793197424152124	-0.00138235930726236	0.00000121604244857946	-0.00000000088507480090382
0.771	0.792983077186104	-0.00138160512535833	0.00000121521910155125	-0.00000000088440952328512
0.772	0.792768847155014	-0.00138085145406999	0.00000121439637338767	-0.00000000088374477724057
0.773	0.792554733979686	-0.00138009829301355	0.00000121357426359424	-0.00000000088308056232814
0.774	0.792340737581014	-0.00137934564180553	0.00000121275277167690	-0.00000000088241687810618
0.775	0.792126857879947	-0.00137859350006275	0.00000121193189714198	-0.00000000088175372413342
0.776	0.791913094797499	-0.00137784186740234	0.00000121111163949624	-0.00000000088109109996898
0.777	0.791699448254738	-0.00137709074344172	0.00000121029199824683	-0.00000000088042900517232
0.778	0.791485918172794	-0.00137634012779864	0.00000120947297290133	-0.00000000087976743930332
0.779	0.791272504472856	-0.00137559002009114	0.00000120865456296772	-0.00000000087910640192221
0.78	0.791059207076173	-0.00137484041993757	0.00000120783676795438	-0.00000000087844589258960
0.781	0.790846025904052	-0.00137409132695657	0.00000120701958737013	-0.00000000087778591086647
0.782	0.790632960877859	-0.00137334274076711	0.00000120620302072415	-0.00000000087712645631420
0.783	0.790420011919020	-0.00137259466098846	0.00000120538706752608	-0.00000000087646752849452
0.784	0.790207178949018	-0.00137184708724017	0.00000120457172728593	-0.00000000087580912696954
0.785	0.789994461889399	-0.00137110001914213	0.00000120375699951413	-0.00000000087515125130176
0.786	0.789781860661764	-0.00137035345631449	0.00000120294288372152	-0.00000000087449390105403
0.787	0.789569375187774	-0.00136960739837774	0.00000120212937941934	-0.00000000087383707578958
0.788	0.789357005389150	-0.00136886184495266	0.00000120131648611924	-0.00000000087318077507204
0.789	0.789144751187670	-0.00136811679566034	0.00000120050420333328	-0.00000000087252499846537
0.79	0.788932612505173	-0.00136737225012215	0.00000119969253057392	-0.00000000087186974553394
0.791	0.788720589263555	-0.00136662820795980	0.00000119888146735403	-0.00000000087121501584246
0.792	0.788508681384771	-0.00136588466879526	0.00000119807101318687	-0.00000000087056080895605
0.793	0.788296888790834	-0.00136514163225082	0.00000119726116758613	-0.00000000086990712444017
0.794	0.788085211403817	-0.00136439909794910	0.00000119645193006588	-0.00000000086925396186066
0.795	0.787873649145851	-0.00136365706551297	0.00000119564330014061	-0.00000000086860132078374
0.796	0.787662201939125	-0.00136291553456563	0.00000119483527732520	-0.00000000086794920077599
0.797	0.787450869705886	-0.00136217450473059	0.00000119402786113496	-0.00000000086729760140437
0.798	0.787239652368440	-0.00136143397563164	0.00000119322105108556	-0.00000000086664652223620
0.799	0.787028549849152	-0.00136069394689287	0.00000119241484669311	-0.00000000086599596283917
0.8	0.786817562070445	-0.00135995441813869	0.00000119160924747410	-0.00000000086534592278136
0.801	0.786606688954799	-0.00135921538899379	0.00000119080425294544	-0.00000000086469640163118
0.802	0.786395930424753	-0.00135847685908317	0.00000118999986262442	-0.00000000086404739895746
0.803	0.786185286402905	-0.00135773882803213	0.00000118919607602875	-0.00000000086339891432935
0.804	0.785974756811909	-0.00135700129546627	0.00000118839289267653	-0.00000000086275094731639
0.805	0.785764341574480	-0.00135626426101147	0.00000118759031208627	-0.00000000086210349748850
0.806	0.785554040613388	-0.00135552772429393	0.00000118678833377687	-0.00000000086145656441595
0.807	0.785343853851463	-0.00135479168494015	0.00000118598695726764	-0.00000000086081014766938
0.808	0.785133781211591	-0.00135405614257691	0.00000118518618207827	-0.00000000086016424681980
0.809	0.784923822616719	-0.00135332109683130	0.00000118438600772886	-0.00000000085951886143858
0.81	0.784713977989848	-0.00135258654733070	0.00000118358643373993	-0.00000000085887399109746
0.811	0.784504247254040	-0.00135185249370281	0.00000118278745963237	-0.00000000085822963536857
0.812	0.784294630332413	-0.00135111893557559	0.00000118198908492747	-0.00000000085758579382435
0.813	0.784085127148142	-0.00135038587257733	0.00000118119130914693	-0.00000000085694246603767
0.814	0.783875737624462	-0.00134965330433659	0.00000118039413181284	-0.00000000085629965158171
0.815	0.783666461684663	-0.00134892123048226	0.00000117959755244770	-0.00000000085565735003005
0.816	0.783457299252095	-0.00134818965064348	0.00000117880157057438	-0.00000000085501556095663
0.817	0.783248250250164	-0.00134745856444974	0.00000117800618571617	-0.00000000085437428393573
0.818	0.783039314602333	-0.00134672797153077	0.00000117721139739675	-0.00000000085373351854202
0.819	0.782830492232125	-0.00134599787151664	0.00000117641720514019	-0.00000000085309326435053
0.82	0.782621783063116	-0.00134526826403769	0.00000117562360847096	-0.00000000085245352093663
0.821	0.782413187018943	-0.00134453914872457	0.00000117483060691393	-0.00000000085181428787609
0.822	0.782204704023299	-0.00134381052520821	0.00000117403819999435	-0.00000000085117556474500
0.823	0.781996333999935	-0.00134308239311984	0.00000117324638723788	-0.00000000085053735111986
0.824	0.781788076872657	-0.00134235475209100	0.00000117245516817057	-0.00000000084989964657749
0.825	0.781579932565331	-0.00134162760175349	0.00000117166454231884	-0.00000000084926245069510
0.826	0.781371901001878	-0.00134090094173944	0.00000117087450920955	-0.00000000084862576305023
0.827	0.781163982106277	-0.00134017477168125	0.00000117008506836991	-0.00000000084798958322082
0.828	0.780956175802563	-0.00133944909121162	0.00000116929621932755	-0.00000000084735391078514
0.829	0.780748482014829	-0.00133872389996355	0.00000116850796161047	-0.00000000084671874532184
0.83	0.780540900667225	-0.00133799919757031	0.00000116772029474709	-0.00000000084608408640991
0.831	0.780333431683957	-0.00133727498366549	0.00000116693321826619	-0.00000000084544993362872
0.832	0.780126074989289	-0.00133655125788296	0.00000116614673169696	-0.00000000084481628655798
0.833	0.779918830507539	-0.00133582801985688	0.00000116536083456899	-0.00000000084418314477778
0.834	0.779711698163086	-0.00133510526922171	0.00000116457552641223	-0.00000000084355050786855
0.835	0.779504677880362	-0.00133438300561218	0.00000116379080675705	-0.00000000084291837541109
0.836	0.779297769583857	-0.00133366122866334	0.00000116300667513420	-0.00000000084228674698656
0.837	0.779090973198118	-0.00133293993801052	0.00000116222313107481	-0.00000000084165562217646
0.838	0.778884288647748	-0.00133221913328933	0.00000116144017411041	-0.00000000084102500056267
0.839	0.778677715857407	-0.00133149881413569	0.00000116065780377292	-0.00000000084039488172741
0.84	0.778471254751811	-0.00133077898018579	0.00000115987601959465	-0.00000000083976526525326
0.841	0.778264905255731	-0.00133005963107611	0.00000115909482110827	-0.00000000083913615072318
0.842	0.778058667293998	-0.00132934076644345	0.00000115831420784689	-0.00000000083850753772044
0.843	0.777852540791496	-0.00132862238592488	0.00000115753417934396	-0.00000000083787942582871
0.844	0.777646525673166	-0.00132790448915773	0.00000115675473513335	-0.00000000083725181463198
0.845	0.777440621864007	-0.00132718707577968	0.00000115597587474929	-0.00000000083662470371464
0.846	0.777234829289071	-0.00132647014542864	0.00000115519759772641	-0.00000000083599809266139
0.847	0.777029147873470	-0.00132575369774286	0.00000115441990359974	-0.00000000083537198105730
0.848	0.776823577542368	-0.00132503773236083	0.00000115364279190467	-0.00000000083474636848780
0.849	0.776618118220989	-0.00132432224892136	0.00000115286626217698	-0.00000000083412125453868
0.85	0.776412769834609	-0.00132360724706354	0.00000115209031395287	-0.00000000083349663879607
0.851	0.776207532308564	-0.00132289272642675	0.00000115131494676887	-0.00000000083287252084646
0.852	0.776002405568243	-0.00132217868665064	0.00000115054016016194	-0.00000000083224890027668
0.853	0.775797389539092	-0.00132146512737518	0.00000114976595366940	-0.00000000083162577667394
0.854	0.775592484146613	-0.00132075204824060	0.00000114899232682895	-0.00000000083100314962577
0.855	0.775387689316362	-0.00132003944888742	0.00000114821927917871	-0.00000000083038101872008
0.856	0.775183004973954	-0.00131932732895646	0.00000114744681025714	-0.00000000082975938354513
0.857	0.774978431045056	-0.00131861568808881	0.00000114667491960310	-0.00000000082913824368950
0.858	0.774773967455394	-0.00131790452592586	0.00000114590360675585	-0.00000000082851759874216
0.859	0.774569614130747	-0.00131719384210928	0.00000114513287125499	-0.00000000082789744829240
0.86	0.774365370996952	-0.00131648363628101	0.00000114436271264055	-0.00000000082727779192990
0.861	0.774161237979899	-0.00131577390808331	0.00000114359313045292	-0.00000000082665862924464
0.862	0.773957215005534	-0.00131506465715869	0.00000114282412423285	-0.00000000082603995982699
0.863	0.773753301999861	-0.00131435588314996	0.00000114205569352151	-0.00000000082542178326764
0.864	0.773549498888936	-0.00131364758570023	0.00000114128783786043	-0.00000000082480409915767
0.865	0.773345805598872	-0.00131293976445287	0.00000114052055679152	-0.00000000082418690708847
0.866	0.773142222055837	-0.00131223241905153	0.00000113975384985707	-0.00000000082357020665179
0.867	0.772938748186055	-0.00131152554914018	0.00000113898771659977	-0.00000000082295399743973
0.868	0.772735383915803	-0.00131081915436303	0.00000113822215656265	-0.00000000082233827904475
0.869	0.772532129171416	-0.00131011323436460	0.00000113745716928915	-0.00000000082172305105964
0.87	0.772328983879282	-0.00130940778878969	0.00000113669275432309	-0.00000000082110831307754
0.871	0.772125947965845	-0.00130870281728338	0.00000113592891120865	-0.00000000082049406469196
0.872	0.771923021357605	-0.00130799831949103	0.00000113516563949039	-0.00000000081988030549672
0.873	0.771720203981113	-0.00130729429505829	0.00000113440293871327	-0.00000000081926703508602
0.874	0.771517495762981	-0.00130659074363107	0.00000113364080842260	-0.00000000081865425305438
0.875	0.771314896629871	-0.00130588766485560	0.00000113287924816409	-0.00000000081804195899669
0.876	0.771112406508501	-0.00130518505837836	0.00000113211825748381	-0.00000000081743015250818
0.877	0.770910025325646	-0.00130448292384612	0.00000113135783592822	-0.00000000081681883318440
0.878	0.770707753008133	-0.00130378126090594	0.00000113059798304413	-0.00000000081620800062128
0.879	0.770505589482845	-0.00130308006920516	0.00000112983869837877	-0.00000000081559765441507
0.88	0.770303534676719	-0.00130237934839137	0.00000112907998147970	-0.00000000081498779416238
0.881	0.770101588516748	-0.00130167909811249	0.00000112832183189489	-0.00000000081437841946017
0.882	0.769899750929979	-0.00130097931801669	0.00000112756424917266	-0.00000000081376952990571
0.883	0.769698021843512	-0.00130028000775242	0.00000112680723286172	-0.00000000081316112509666
0.884	0.769496401184503	-0.00129958116696843	0.00000112605078251115	-0.00000000081255320463098
0.885	0.769294888880163	-0.00129888279531372	0.00000112529489767041	-0.00000000081194576810701
0.886	0.769093484857756	-0.00129818489243759	0.00000112453957788932	-0.00000000081133881512341
0.887	0.768892189044602	-0.00129748745798962	0.00000112378482271807	-0.00000000081073234527918
0.888	0.768691001368073	-0.00129679049161965	0.00000112303063170725	-0.00000000081012635817368
0.889	0.768489921755597	-0.00129609399297783	0.00000112227700440781	-0.00000000080952085340660
0.89	0.768288950134657	-0.00129539796171456	0.00000112152394037105	-0.00000000080891583057797
0.891	0.768088086432788	-0.00129470239748053	0.00000112077143914867	-0.00000000080831128928818
0.892	0.767887330577580	-0.00129400729992671	0.00000112001950029273	-0.00000000080770722913793
0.893	0.767686682496678	-0.00129331266870434	0.00000111926812335567	-0.00000000080710364972828
0.894	0.767486142117780	-0.00129261850346494	0.00000111851730789029	-0.00000000080650055066063
0.895	0.767285709368639	-0.00129192480386032	0.00000111776705344977	-0.00000000080589793153673
0.896	0.767085384177060	-0.00129123156954254	0.00000111701735958764	-0.00000000080529579195864
0.897	0.766885166470906	-0.00129053880016397	0.00000111626822585784	-0.00000000080469413152878
0.898	0.766685056178089	-0.00128984649537723	0.00000111551965181464	-0.00000000080409294984992
0.899	0.766485053226578	-0.00128915465483523	0.00000111477163701270	-0.00000000080349224652514
0.9	0.766285157544395	-0.00128846327819115	0.00000111402418100705	-0.00000000080289202115788
0.901	0.766085369059615	-0.00128777236509845	0.00000111327728335308	-0.00000000080229227335191
0.902	0.765885687700368	-0.00128708191521087	0.00000111253094360655	-0.00000000080169300271134
0.903	0.765686113394837	-0.00128639192818241	0.00000111178516132359	-0.00000000080109420884063
0.904	0.765486646071259	-0.00128570240366736	0.00000111103993606069	-0.00000000080049589134455
0.905	0.765287285657924	-0.00128501334132028	0.00000111029526737474	-0.00000000079989804982823
0.906	0.765088032083177	-0.00128432474079600	0.00000110955115482296	-0.00000000079930068389712
0.907	0.764888885275414	-0.00128363660174963	0.00000110880759796294	-0.00000000079870379315703
0.908	0.764689845163086	-0.00128294892383657	0.00000110806459635267	-0.00000000079810737721409
0.909	0.764490911674699	-0.00128226170671246	0.00000110732214955046	-0.00000000079751143567476
0.91	0.764292084738808	-0.00128157495003323	0.00000110658025711503	-0.00000000079691596814586
0.911	0.764093364284027	-0.00128088865345510	0.00000110583891860543	-0.00000000079632097423451
0.912	0.763894750239018	-0.00128020281663454	0.00000110509813358110	-0.00000000079572645354819
0.913	0.763696242532500	-0.00127951743922830	0.00000110435790160183	-0.00000000079513240569472
0.914	0.763497841093244	-0.00127883252089341	0.00000110361822222778	-0.00000000079453883028223
0.915	0.763299545850073	-0.00127814806128717	0.00000110287909501948	-0.00000000079394572691922
0.916	0.763101356731865	-0.00127746406006714	0.00000110214051953782	-0.00000000079335309521447
0.917	0.762903273667549	-0.00127678051689117	0.00000110140249534406	-0.00000000079276093477716
0.918	0.762705296586110	-0.00127609743141738	0.00000110066502199980	-0.00000000079216924521674
0.919	0.762507425416583	-0.00127541480330415	0.00000109992809906703	-0.00000000079157802614305
0.92	0.762309660088057	-0.00127473263221014	0.00000109919172610809	-0.00000000079098727716621
0.921	0.762112000529677	-0.00127405091779428	0.00000109845590268568	-0.00000000079039699789671
0.922	0.761914446670634	-0.00127336965971576	0.00000109772062836289	-0.00000000078980718794536
0.923	0.761716998440179	-0.00127268885763407	0.00000109698590270312	-0.00000000078921784692329
0.924	0.761519655767611	-0.00127200851120895	0.00000109625172527019	-0.00000000078862897444200
0.925	0.761322418582285	-0.00127132862010040	0.00000109551809562824	-0.00000000078804057011327
0.926	0.761125286813605	-0.00127064918396871	0.00000109478501334178	-0.00000000078745263354924
0.927	0.760928260391032	-0.00126997020247444	0.00000109405247797569	-0.00000000078686516436239
0.928	0.760731339244076	-0.00126929167527840	0.00000109332048909521	-0.00000000078627816216550
0.929	0.760534523302301	-0.00126861360204170	0.00000109258904626593	-0.00000000078569162657170
0.93	0.760337812495325	-0.00126793598242569	0.00000109185814905381	-0.00000000078510555719446
0.931	0.760141206752816	-0.00126725881609200	0.00000109112779702516	-0.00000000078451995364756
0.932	0.759944706004495	-0.00126658210270254	0.00000109039798974666	-0.00000000078393481554511
0.933	0.759748310180138	-0.00126590584191947	0.00000108966872678534	-0.00000000078335014250157
0.934	0.759552019209569	-0.00126523003340524	0.00000108894000770859	-0.00000000078276593413169
0.935	0.759355833022668	-0.00126455467682254	0.00000108821183208416	-0.00000000078218219005059
0.936	0.759159751549366	-0.00126387977183436	0.00000108748419948017	-0.00000000078159890987370
0.937	0.758963774719646	-0.00126320531810393	0.00000108675710946508	-0.00000000078101609321678
0.938	0.758767902463544	-0.00126253131529476	0.00000108603056160770	-0.00000000078043373969590
0.939	0.758572134711146	-0.00126185776307063	0.00000108530455547723	-0.00000000077985184892749
0.94	0.758376471392593	-0.00126118466109559	0.00000108457909064320	-0.00000000077927042052829
0.941	0.758180912438077	-0.00126051200903394	0.00000108385416667551	-0.00000000077868945411535
0.942	0.757985457777841	-0.00125983980655027	0.00000108312978314440	-0.00000000077810894930609
0.943	0.757790107342181	-0.00125916805330941	0.00000108240593962048	-0.00000000077752890571820
0.944	0.757594861061446	-0.00125849674897648	0.00000108168263567471	-0.00000000077694932296975
0.945	0.757399718866034	-0.00125782589321686	0.00000108095987087842	-0.00000000077637020067910
0.946	0.757204680686398	-0.00125715548569618	0.00000108023764480326	-0.00000000077579153846495
0.947	0.757009746453041	-0.00125648552608035	0.00000107951595702128	-0.00000000077521333594633
0.948	0.756814916096518	-0.00125581601403556	0.00000107879480710484	-0.00000000077463559274256
0.949	0.756620189547437	-0.00125514694922823	0.00000107807419462669	-0.00000000077405830847334
0.95	0.756425566736456	-0.00125447833132507	0.00000107735411915992	-0.00000000077348148275865
0.951	0.756231047594285	-0.00125381015999305	0.00000107663458027796	-0.00000000077290511521881
0.952	0.756036632051686	-0.00125314243489940	0.00000107591557755461	-0.00000000077232920547447
0.953	0.755842320039474	-0.00125247515571162	0.00000107519711056403	-0.00000000077175375314659
0.954	0.755648111488513	-0.00125180832209747	0.00000107447917888071	-0.00000000077117875785646
0.955	0.755454006329720	-0.00125114193372498	0.00000107376178207950	-0.00000000077060421922569
0.956	0.755260004494064	-0.00125047599026243	0.00000107304491973562	-0.00000000077003013687622
0.957	0.755066105912564	-0.00124981049137838	0.00000107232859142461	-0.00000000076945651043030
0.958	0.754872310516290	-0.00124914543674164	0.00000107161279672240	-0.00000000076888333951051
0.959	0.754678618236365	-0.00124848082602129	0.00000107089753520523	-0.00000000076831062373976
0.96	0.754485029003963	-0.00124781665888667	0.00000107018280644971	-0.00000000076773836274126
0.961	0.754291542750309	-0.00124715293500739	0.00000106946861003282	-0.00000000076716655613856
0.962	0.754098159406679	-0.00124648965405330	0.00000106875494553185	-0.00000000076659520355551
0.963	0.753904878904400	-0.00124582681569455	0.00000106804181252448	-0.00000000076602430461632
0.964	0.753711701174850	-0.00124516441960152	0.00000106732921058871	-0.00000000076545385894547
0.965	0.753518626149460	-0.00124450246544486	0.00000106661713930289	-0.00000000076488386616779
0.966	0.753325653759710	-0.00124384095289549	0.00000106590559824575	-0.00000000076431432590843
0.967	0.753132783937131	-0.00124317988162457	0.00000106519458699633	-0.00000000076374523779286
0.968	0.752940016613306	-0.00124251925130355	0.00000106448410513405	-0.00000000076317660144684
0.969	0.752747351719869	-0.00124185906160413	0.00000106377415223865	-0.00000000076260841649650
0.97	0.752554789188504	-0.00124119931219825	0.00000106306472789025	-0.00000000076204068256824
0.971	0.752362328950946	-0.00124054000275814	0.00000106235583166928	-0.00000000076147339928880
0.972	0.752169970938982	-0.00123988113295627	0.00000106164746315654	-0.00000000076090656628524
0.973	0.751977715084449	-0.00123922270246539	0.00000106093962193318	-0.00000000076034018318494
0.974	0.751785561319233	-0.00123856471095849	0.00000106023230758070	-0.00000000075977424961559
0.975	0.751593509575275	-0.00123790715810882	0.00000105952551968091	-0.00000000075920876520519
0.976	0.751401559784562	-0.00123725004358990	0.00000105881925781602	-0.00000000075864372958208
0.977	0.751209711879134	-0.00123659336707552	0.00000105811352156853	-0.00000000075807914237489
0.978	0.751017965791081	-0.00123593712823970	0.00000105740831052134	-0.00000000075751500321258
0.979	0.750826321452545	-0.00123528132675673	0.00000105670362425766	-0.00000000075695131172443
0.98	0.750634778795716	-0.00123462596230117	0.00000105599946236104	-0.00000000075638806754004
0.981	0.750443337752836	-0.00123397103454782	0.00000105529582441541	-0.00000000075582527028930
0.982	0.750251998256198	-0.00123331654317176	0.00000105459271000501	-0.00000000075526291960244
0.983	0.750060760238143	-0.00123266248784831	0.00000105389011871443	-0.00000000075470101510999
0.984	0.749869623631065	-0.00123200886825306	0.00000105318805012863	-0.00000000075413955644281
0.985	0.749678588367407	-0.00123135568406183	0.00000105248650383287	-0.00000000075357854323207
0.986	0.749487654379661	-0.00123070293495074	0.00000105178547941280	-0.00000000075301797510924
0.987	0.749296821600373	-0.00123005062059614	0.00000105108497645437	-0.00000000075245785170612
0.988	0.749106089962135	-0.00122939874067463	0.00000105038499454390	-0.00000000075189817265481
0.989	0.748915459397592	-0.00122874729486309	0.00000104968553326805	-0.00000000075133893758774
0.99	0.748724929839437	-0.00122809628283864	0.00000104898659221380	-0.00000000075078014613764
0.991	0.748534501220415	-0.00122744570427865	0.00000104828817096851	-0.00000000075022179793756
0.992	0.748344173473319	-0.00122679555886078	0.00000104759026911983	-0.00000000074966389262086
0.993	0.748153946530995	-0.00122614584626291	0.00000104689288625581	-0.00000000074910642982121
0.994	0.747963820326335	-0.00122549656616318	0.00000104619602196479	-0.00000000074854940917259
0.995	0.747773794792284	-0.00122484771824000	0.00000104549967583548	-0.00000000074799283030931
0.996	0.747583869861835	-0.00122419930217203	0.00000104480384745693	-0.00000000074743669286596
0.997	0.747394045468033	-0.00122355131763817	0.00000104410853641850	-0.00000000074688099647747
0.998	0.747204321543969	-0.00122290376431761	0.00000104341374230992	-0.00000000074632574077906
0.999	0.747014698022789	-0.00122225664188976	0.00000104271946472126	-0.00000000074577092540627
1	0.746825174837685	-0.00122160995003429	0.00000104202570324291	-0.00000000074521654999497
